0.000000
0.058824
0.000000
0.000000
0.000000
0.058824
0.000000
0.000000
0.000000
0.000000
0.000000
0.000000
0.000000
0.000000
0.705882
0.176471
1.000000
0.176471
0.058824
0.000000
1.000000
0.058824
0.058824
0.176471
0.235294
0.000000
0.000000
0.000000
0.000000
0.058824
0.000000
0.000000
0.000000
0.000000
0.000000
0.000000
0.000000
0.058824
0.058824
0.058824
0.058824
0.000000
0.235294
0.294118
0.000000
0.000000
0.000000
0.058824
0.000000
0.000000
0.000000
0.470588
0.000000
0.000000
0.000000
0.598377
0.411765
0.104575
0.058824
0.058824
0.058824
0.588235
0.000000
0.058824
0.000000
0.823529
0.176471
0.117647
1.000000
0.294118
0.117647
0.000000
0.000000
0.058824
0.235294
0.000000
0.176471
0.058824
0.058824
0.000000
0.000000
0.000000
0.000000
0.000000
0.058824
-0.026738
0.000000
0.000000
0.000000
0.000000
0.470588
0.000000
0.941176
0.235294
0.176471
0.000000
0.058824
0.058824
0.000000
0.000000
1.000000
0.529412
0.058824
0.000000
0.000000
0.000000
0.058824
0.000000
0.941176
0.117647
0.882353
0.000000
0.058824
0.058824
0.588235
0.058824
0.058824
0.117647
0.235294
0.000000
0.000000
0.000000
0.058824
0.058824
0.058824
0.470588
0.058824
-0.021672
0.235294
0.000000
0.764706
0.000000
0.000000
0.058824
0.000000
0.117647
0.093306
0.000000
0.000000
0.445378
0.000000
0.000000
0.058824
0.000000
0.058824
0.470588
0.352941
0.882353
0.000000
0.615825
0.764706
0.029412
0.882353
0.739367
0.117647
0.162791
0.235294
0.063939
0.058824
0.705882
0.235294
0.764706
0.000000
0.882353
0.000000
0.941176
0.000000
0.000000
0.000000
0.176471
0.000000
0.941176
0.411765
0.117647
0.000000
0.058824
0.220114
0.739367
0.000000
0.445378
0.058824
0.117647
0.176471
0.058824
0.117647
0.294118
0.294118
0.000000
0.235294
0.294118
0.117647
0.058824
0.117647
0.000000
0.176471
0.000000
0.882353
0.000000
0.647059
0.235294
0.117647
0.176471
0.117647
0.000000
0.176471
0.164706
0.235294
0.352941
0.647059
0.529412
0.176471
0.411765
0.058824
0.352941
0.176471
0.000000
0.352941
0.000000
0.117647
0.000000
0.058824
0.058824
0.058824
0.058824
0.705882
0.352941
0.058824
0.000000
0.000000
0.000000
0.000000
0.000000
0.668580
0.000000
0.155321
0.000000
0.326203
0.000000
0.000000
0.352941
0.445378
0.000000
0.117647
0.000000
0.000000
0.117647
0.000000
0.000000
0.705882
0.235294
0.000000
0.235294
0.000000
0.000000
0.000000
0.058824
0.352941
0.000000
0.000000
0.588235
0.000000
0.000000
0.235294
0.261438
0.000000
0.551261
0.000000
0.176471
0.000000
0.000000
0.000000
0.000000
0.117647
0.000000
0.058824
0.058824
0.155321
0.000000
0.058824
0.352941
0.000000
0.823529
1.000000
0.470588
0.235294
0.000000
0.058824
0.411765
0.000000
0.529412
0.078431
0.000000
0.882353
0.176471
0.058824
0.000000
0.058824
0.470588
0.000000
0.058824
0.000000
0.058824
0.058824
0.176471
0.352941
0.647059
0.000000
0.058824
0.000000
0.000000
0.588235
0.000000
0.352941
0.764706
0.000000
0.941176
0.058824
0.235294
0.529412
0.647059
0.058824
0.000000
0.000000
0.117647
0.000000
0.235294
0.764706
0.058824
0.470588
0.615825
0.176471
0.529412
0.000000
0.000000
0.294118
0.411765
0.000000
0.000000
0.000000
0.000000
0.058824
0.058824
0.058824
0.941176
0.000000
0.000000
0.000000
0.000000
0.000000
0.058824
0.058824
0.058824
0.000000
0.000000
0.823529
0.058824
0.941176
0.000000
0.000000
0.058824
0.529412
0.000000
0.352941
0.000000
0.000000
0.529412
0.000000
0.411765
0.000000
0.176471
0.058824
0.000000
0.235294
0.058824
0.000000
0.058824
0.117647
0.058824
0.000000
0.000000
0.000000
0.000000
0.058824
0.058824
0.941176
0.000000
0.176471
1.000000
0.000000
0.117647
0.000000
0.117647
0.352941
0.000000
0.000000
0.764706
0.000000
0.000000
0.235294
0.000000
1.000000
1.000000
0.551261
0.000000
0.058824
0.000000
0.058824
0.000000
0.235294
0.058824
0.294118
0.000000
0.411765
0.000000
0.647059
0.000000
0.941176
0.058824
0.000000
0.000000
0.000000
0.058824
0.000000
0.000000
0.000000
0.000000
0.294118
0.117647
0.529412
0.000000
0.058824
0.000000
0.000000
0.176471
0.000000
0.235294
0.000000
0.000000
0.117647
0.176471
0.058824
0.000000
0.000000
0.486962
0.058824
0.058824
0.058824
0.823529
0.705882
0.764706
0.000000
0.176471
0.000000
0.000000
0.000000
0.000000
0.764706
0.529412
0.411765
-0.045249
0.198728
0.176471
0.235294
0.235294
0.000000
0.117647
0.117647
0.518283
0.117647
0.117647
0.029412
0.000000
0.000000
0.058824
0.058824
0.117647
0.000000
0.000000
0.058824
0.058824
0.176471
0.000000
0.000000
0.000000
0.000000
0.000000
0.823529
0.000000
0.117647
0.000000
0.117647
0.000000
0.000000
0.764706
0.823529
0.176471
0.529412
0.000000
0.882353
0.440622
0.058824
0.470588
0.000000
0.000000
0.000000
0.000000
0.000000
0.117647
0.000000
0.000000
0.058824
0.217391
0.294118
0.176471
0.000000
0.411765
0.000000
0.000000
0.117647
0.000000
0.000000
0.114046
0.176471
0.000000
-0.058824
0.764706
0.000000
0.000000
0.000000
0.000000
0.000000
0.235294
0.117647
0.000000
0.058824
0.000000
0.198728
-0.052288
0.470588
0.000000
0.000000
0.294118
0.647059
0.294118
0.352941
0.411765
0.008285
0.058824
0.668580
0.000000
0.235294
0.117647
0.176471
0.058824
0.058824
0.052632
0.000000
0.000000
0.000000
0.058824
0.173375
0.058824
0.005348
0.000000
0.000000
0.000000
0.162791
0.045752
0.000000
-0.016227
-0.058824
0.000000
0.000000
0.000000
0.529412
-0.037647
0.058824
-0.058824
0.000000
0.470588
0.000000
0.000000
0.528872
0.016807
0.352941
0.000000
0.000000
0.235294
0.000000
0.000000
0.235294
0.117647
0.117647
0.058824
0.117647
0.882353
0.647059
0.705882
0.176471
0.058824
0.000000
0.470588
0.000000
0.000000
0.000000
0.294118
0.470588
0.058824
0.941176
0.294118
0.529412
0.000000
0.000000
0.000000
0.352941
0.294118
0.058824
0.000000
0.000000
0.411765
0.000000
0.411765
0.411765
0.000000
0.000000
0.000000
0.000000
0.000000
1.000000
0.000000
1.000000
0.000000
0.000000
0.294118
0.000000
0.058824
0.000000
0.000000
0.176471
0.058824
0.000000
1.000000
0.058824
1.000000
-0.048443
0.294118
0.000000
0.000000
0.058824
0.411765
0.000000
0.058824
0.003056
0.000000
0.117647
0.294118
-0.037647
0.000000
0.005348
0.000000
0.235294
0.058824
0.058824
1.000000
0.000000
0.764706
0.000000
1.000000
0.000000
0.000000
0.882353
0.000000
0.000000
0.000000
0.117647
0.000000
0.058824
0.294118
0.176471
0.411765
0.235294
0.235294
0.176471
0.000000
0.000000
0.000000
0.810648
-0.051151
0.016807
0.058824
0.000000
0.000000
0.823529
0.000000
0.000000
0.176471
0.235294
0.058824
0.588235
0.470588
0.117647
0.000000
0.000000
0.005348
0.005348
0.000000
0.000000
0.058824
0.000000
0.235294
0.057389
0.058824
0.000000
0.176471
0.411765
0.588235
0.352941
0.000000
0.058824
0.117647
0.000000
0.000000
0.000000
0.000000
0.000000
0.647059
0.000000
0.058824
0.941176
0.235294
-0.037647
0.117647
0.352941
0.058824
0.000000
0.882353
0.058824
0.176471
0.359477
0.058824
0.000000
0.000000
0.176471
0.058824
0.000000
0.239351
0.093306
0.000000
0.176471
0.226244
0.615825
0.117647
0.058824
0.000000
0.705882
0.823529
0.000000
0.117647
0.423001
0.198728
0.000000
0.000000
0.058824
0.058824
-0.058824
0.000000
0.234389
0.882353
0.058824
0.294118
0.000000
0.000000
0.647059
0.470588
0.058824
0.359477
0.176471
0.882353
0.000000
0.529412
0.117647
0.234389
0.000000
0.000000
-0.021672
0.000000
0.152941
0.117647
0.294118
0.000000
0.117647
0.235294
0.294118
0.234389
1.000000
0.117647
-0.021672
0.058824
0.058824
0.000000
0.000000
0.117647
0.117647
0.235294
0.000000
0.058824
-0.037647
0.294118
0.058824
0.294118
0.235294
0.000000
0.058824
0.000000
0.000000
0.000000
0.000000
0.000000
0.000000
0.000000
0.176471
-0.031674
0.529412
0.000000
0.155321
0.000000
0.000000
0.000000
0.470588
0.235294
0.000000
0.000000
0.000000
0.000000
0.000000
0.647059
0.176471
0.000000
0.176471
0.000000
1.000000
0.173375
0.058824
0.117647
0.114046
0.235294
0.411765
0.058824
0.058824
0.058824
0.470588
0.000000
0.000000
0.705882
0.000000
0.000000
0.000000
0.058824
0.294118
0.615825
1.000000
0.000000
0.000000
0.000000
0.058824
0.000000
0.029412
0.235294
0.000000
0.941176
1.000000
0.411765
0.764706
0.705882
0.352941
0.000000
0.000000
0.000000
0.000000
0.294118
-0.058824
0.117647
0.000000
0.000000
0.875862
0.000000
0.000000
-0.012788
0.875862
0.668580
0.000000
-0.058824
0.598377
0.000000
0.668580
0.294118
0.000000
0.000000
0.000000
0.058824
0.000000
0.058824
0.235294
0.000000
0.000000
0.000000
0.000000
0.235294
0.000000
0.294118
0.176471
0.000000
0.000000
0.000000
-0.011414
-0.037647
0.326203
0.470588
0.235294
0.058824
0.003056
0.000000
0.000000
0.058824
0.000000
0.000000
0.000000
0.000000
0.058824
0.352941
-0.045249
0.882353
0.058824
0.000000
0.000000
0.058824
0.058824
0.647059
0.063939
0.117647
0.000000
0.173375
0.000000
0.294118
0.058824
0.235294
0.680603
0.000000
0.176471
0.058824
0.235294
0.000000
0.117647
0.000000
0.016807
0.058824
0.875862
0.058824
0.000000
0.000000
0.058824
0.058824
0.058824
0.359477
0.000000
0.000000
0.058824
0.305503
0.411765
0.423001
0.058824
0.058824
0.000000
0.138718
0.294118
0.000000
0.615825
0.000000
0.000000
0.058824
0.016807
0.000000
0.000000
0.058824
0.000000
0.294118
0.058824
0.374332
0.000000
0.000000
0.235294
0.176471
0.152941
0.486962
0.117647
0.000000
0.588235
0.411765
0.000000
0.000000
0.235294
0.000000
0.000000
0.000000
0.078431
0.000000
0.000000
0.000000
0.000000
0.000000
0.082353
0.058824
0.000000
0.000000
0.365754
0.042017
0.000000
0.764706
0.000000
0.040830
-0.052288
0.000000
0.000000
0.058824
0.294118
0.000000
0.235294
0.647059
0.000000
0.114046
0.588235
0.000000
0.058824
-0.012788
0.057389
0.235294
-0.037647
-0.042781
0.000000
0.000000
0.000000
0.000000
0.235294
0.058824
0.000000
0.058824
0.352941
0.411765
0.000000
0.000000
0.176471
0.000000
0.000000
0.000000
0.764706
0.117647
0.235294
0.000000
0.423001
0.000000
0.000000
0.000000
0.000000
0.000000
0.104575
0.000000
-0.058824
0.000000
-0.012788
0.000000
0.000000
0.058824
0.411765
0.058824
0.000000
0.031077
-0.052122
0.000000
0.000000
0.000000
0.000000
0.176471
0.000000
0.058824
0.000000
0.058824
0.000000
-0.058824
0.234389
0.058824
0.000000
0.003056
0.000000
0.000000
0.000000
0.058824
0.000000
0.000000
0.000000
-0.045249
-0.058824
0.000000
0.374332
0.000000
0.058824
0.352941
0.235294
0.411765
0.235294
0.000000
-0.052122
-0.058824
0.000000
0.000000
0.096886
0.000000
0.000000
0.000000
0.000000
0.117647
0.615825
0.294118
-0.026738
0.000000
-0.058824
0.000000
0.705882
0.000000
0.810648
0.000000
0.058824
0.000000
0.000000
0.000000
0.058824
0.000000
-0.048443
0.000000
0.392570
0.000000
0.058824
0.176471
0.000000
0.470588
0.000000
0.000000
0.000000
0.000000
-0.048739
0.117647
0.000000
0.000000
-0.050145
-0.029815
0.668580
0.058824
0.058824
0.000000
0.058824
0.000000
0.117647
0.058824
0.352941
0.000000
0.000000
0.117647
0.000000
0.537886
0.411765
0.000000
0.000000
0.000000
0.000000
0.058824
0.057389
0.000000
0.058824
0.000000
0.117647
0.058824
0.000000
0.058824
0.000000
0.352941
0.000000
0.000000
0.008285
0.000000
0.000000
-0.032680
0.117647
0.031077
0.529412
0.000000
0.117647
0.008285
-0.051151
0.005348
0.000000
0.294118
0.000000
-0.050145
-0.045249
-0.026738
0.000000
0.445378
-0.029815
0.470588
-0.058824
0.000000
0.000000
0.411765
0.352941
0.198728
-0.015981
0.294118
0.392570
0.000000
0.235294
0.058824
0.294118
0.058824
0.000000
0.058824
0.705882
0.528872
0.592760
0.000000
0.352941
0.000000
0.058824
0.592760
0.058824
0.352941
0.176471
0.058824
0.058824
0.000000
0.176471
0.000000
0.326203
-0.037647
0.114046
0.000000
0.063939
-0.052288
0.000000
0.000000
-0.052122
0.352941
0.294118
0.000000
0.000000
0.016807
0.031077
0.058824
0.117647
0.000000
0.000000
0.000000
0.000000
0.176471
0.058824
0.000000
0.000000
0.296535
0.000000
0.000000
0.005348
0.117647
0.000000
0.031077
0.000000
0.000000
0.000000
0.176471
0.000000
0.294118
0.359477
0.000000
0.008285
0.058824
0.000000
-0.058824
0.058824
0.352941
0.365754
0.470588
-0.032999
0.392570
0.000000
0.000000
0.326203
0.518283
0.000000
0.173375
0.000000
0.235294
0.000000
0.000000
0.000000
0.176471
0.235294
0.058824
-0.058824
0.058824
0.176471
0.235294
0.117647
0.000000
0.176471
0.000000
0.176471
0.000000
0.117647
0.000000
0.296535
0.003056
-0.051151
0.003460
0.235294
0.093306
0.057389
0.234389
-0.051151
0.003056
0.294118
0.000000
0.058824
0.000000
0.290479
0.117647
0.117647
0.518283
0.343750
0.882353
0.000000
0.058824
0.764706
0.882353
0.008285
0.176471
0.117647
0.176471
0.470588
0.220114
0.294118
0.000000
0.114046
0.000000
0.000000
0.058824
0.000000
0.000000
0.176471
0.235294
0.235294
0.117647
0.003056
0.000000
0.239351
0.588235
0.000000
0.000000
0.117647
0.117647
0.117647
0.117647
0.529412
0.058824
0.000000
0.117647
0.000000
0.117647
0.470588
0.058824
0.000000
0.176471
0.294118
0.296535
0.000000
0.176471
0.411765
0.008285
0.117647
0.294118
0.423001
-0.051765
0.000000
0.058824
0.668580
0.176471
0.117647
0.359477
-0.021672
0.138718
0.294118
0.000000
0.000000
0.000000
0.000000
0.000000
0.176471
