0.058824
-0.026738
0.000000
0.239351
0.470588
0.411765
0.235294
0.000000
0.000000
0.294118
-0.001417
0.000000
0.000000
0.058824
0.000000
0.235294
0.000000
0.117647
0.000000
0.058824
0.411765
0.235294
0.000000
0.294118
0.058824
0.000000
0.000000
0.058824
0.235294
0.000000
0.000000
0.058824
-0.037647
0.000000
-0.058824
0.000000
0.000000
0.000000
0.000000
0.058824
0.000000
-0.012788
0.000000
0.005348
0.000000
0.117647
0.000000
0.000000
0.058824
-0.050145
0.058824
0.411765
0.176471
0.000000
0.031077
0.117647
0.176471
0.296535
-0.021672
0.000000
0.000000
0.058824
0.235294
-0.050145
0.000000
0.000000
0.000000
-0.032999
0.000000
0.000000
0.411765
0.000000
0.000000
0.000000
0.647059
0.000000
0.392570
0.000000
0.000000
-0.058824
0.000000
0.117647
0.234389
0.162791
0.294118
0.000000
0.176471
0.000000
0.235294
0.000000
0.000000
0.000000
0.000000
0.294118
0.000000
-0.029815
0.000000
0.000000
0.058824
0.000000
0.058824
0.326203
0.000000
0.176471
0.000000
0.294118
0.000000
0.058824
0.000000
0.058824
-0.050145
0.235294
0.176471
0.000000
0.058824
0.058824
-0.051765
0.117647
0.058824
0.155321
0.058824
0.058824
0.000000
-0.051765
0.000000
0.176471
0.117647
0.000000
0.000000
0.000000
0.117647
-0.037647
-0.058824
0.235294
-0.032680
0.117647
0.235294
0.000000
0.000000
0.000000
0.058824
0.058824
0.117647
0.235294
0.176471
0.000000
0.117647
0.176471
0.000000
0.058824
0.000000
0.117647
0.058824
0.764706
0.000000
0.235294
0.000000
0.058824
0.058824
0.823529
0.882353
0.745554
0.000000
0.000000
0.000000
0.058824
0.823529
0.117647
0.173375
0.000000
0.058824
0.117647
0.058824
0.000000
0.058824
0.000000
0.000000
0.000000
0.173375
0.000000
0.000000
0.000000
0.058824
0.941176
0.588235
0.000000
0.000000
-0.058824
-0.058824
0.000000
0.000000
0.000000
0.000000
-0.037647
0.176471
0.000000
0.764706
0.058824
0.058824
0.000000
0.000000
0.000000
0.176471
0.042017
0.003056
0.000000
-0.032999
0.000000
0.000000
0.000000
0.000000
0.374332
0.058824
0.235294
0.176471
0.000000
0.058824
0.000000
0.000000
0.058824
0.000000
0.058824
0.000000
0.176471
0.093306
0.000000
-0.058824
0.000000
0.000000
0.000000
0.117647
0.000000
0.000000
0.296535
0.016807
0.000000
0.000000
0.294118
0.058824
0.000000
0.117647
0.000000
0.058824
0.739367
0.000000
0.000000
0.058824
0.235294
0.235294
0.117647
0.000000
0.000000
0.176471
0.352941
0.058824
0.000000
0.117647
0.000000
0.000000
0.000000
0.000000
0.705882
0.000000
0.294118
0.000000
0.000000
0.000000
0.176471
0.000000
0.114046
0.058824
0.000000
-0.058824
-0.012788
0.117647
0.000000
0.000000
-0.032680
0.000000
0.173375
0.000000
0.000000
0.000000
0.000000
0.058824
0.411765
0.176471
0.117647
0.000000
0.000000
0.000000
0.117647
0.000000
0.411765
0.063939
-0.051151
0.000000
0.000000
0.000000
0.000000
0.333079
0.000000
0.063939
0.058824
0.000000
0.058824
0.000000
0.294118
-0.037647
0.058824
0.486962
0.058824
0.000000
-0.058824
0.000000
0.000000
0.117647
-0.058824
-0.031674
0.000000
0.000000
-0.058824
0.058824
0.058824
-0.051151
0.000000
0.176471
0.000000
0.058824
0.096886
-0.058824
0.470588
0.000000
0.058824
0.058824
0.000000
0.235294
0.000000
0.000000
0.058824
0.000000
0.000000
0.000000
0.000000
-0.045249
0.745554
0.000000
0.000000
0.117647
0.000000
0.000000
0.176471
0.000000
-0.058824
0.000000
0.198728
0.359477
0.000000
0.000000
0.000000
0.008285
0.117647
0.000000
0.000000
0.058824
0.000000
0.000000
0.000000
0.117647
0.000000
-0.058824
0.114046
0.000000
0.000000
0.235294
-0.058824
0.000000
0.000000
0.058824
0.000000
0.058824
0.176471
0.000000
-0.058824
0.000000
0.000000
0.235294
0.114046
0.117647
0.000000
-0.058824
0.000000
0.235294
0.000000
0.000000
0.058824
0.000000
0.042017
0.000000
0.000000
-0.058824
0.138718
0.005348
0.058824
0.000000
0.000000
0.198728
0.000000
0.294118
0.058824
0.176471
0.000000
0.000000
0.117647
0.176471
0.058824
0.000000
0.000000
-0.052122
0.000000
0.000000
0.000000
0.198728
0.000000
0.000000
0.117647
0.058824
0.198728
0.000000
0.000000
0.058824
0.052632
0.000000
0.173375
0.000000
-0.037647
0.000000
0.000000
0.000000
0.000000
0.000000
0.000000
0.423001
0.058824
-0.012788
0.374332
0.114046
0.528872
0.058824
0.117647
0.176471
0.000000
0.411765
0.000000
0.058824
0.058824
0.155321
0.000000
0.000000
0.470588
0.000000
0.235294
0.058824
0.058824
0.129611
0.057389
0.000000
0.000000
0.000000
0.058824
0.226244
0.000000
0.117647
0.588235
0.000000
0.000000
0.294118
0.000000
0.000000
0.000000
0.000000
0.058824
0.176471
0.000000
0.000000
0.058824
0.000000
0.058824
0.198728
0.000000
0.000000
0.000000
0.042017
0.058824
0.000000
0.104575
0.000000
0.000000
0.882353
0.000000
0.000000
0.000000
0.058824
0.000000
0.000000
0.000000
0.352941
0.117647
-0.037647
0.117647
0.000000
0.000000
0.176471
0.000000
0.117647
0.058824
0.000000
0.000000
0.000000
0.000000
0.000000
0.352941
0.000000
0.470588
0.234389
0.000000
0.162791
0.058824
-0.012788
0.031077
0.000000
0.000000
0.000000
0.058824
0.000000
0.164706
-0.021672
0.529412
0.000000
0.000000
0.000000
0.000000
0.000000
-0.012788
-0.058824
0.294118
-0.001417
0.003056
0.058824
0.052632
0.235294
0.000000
0.000000
0.052632
-0.045249
0.052632
-0.058824
0.058824
-0.045249
0.000000
0.000000
0.176471
0.000000
0.117647
-0.058824
0.117647
0.000000
0.470588
0.117647
0.000000
0.000000
0.000000
0.058824
0.000000
0.000000
-0.050145
0.117647
-0.058824
0.000000
0.058824
0.176471
0.000000
0.745554
0.000000
0.117647
0.000000
0.423001
0.000000
0.000000
0.000000
0.518283
0.588235
0.117647
0.058824
-0.058824
0.000000
0.058824
0.000000
0.000000
0.529412
0.117647
0.000000
0.058824
0.016807
0.470588
0.000000
0.000000
0.000000
0.057389
-0.051151
0.294118
0.031077
0.058824
0.117647
0.000000
0.239351
0.117647
0.000000
0.000000
0.000000
0.176471
0.058824
0.104575
0.305503
0.058824
0.000000
0.198728
0.000000
-0.018975
0.000000
0.000000
0.058824
0.058824
0.058824
0.117647
0.000000
0.058824
0.063939
0.000000
0.000000
0.000000
0.000000
0.000000
0.176471
0.058824
0.058824
0.058824
0.016807
0.000000
0.117647
0.000000
0.000000
0.214706
0.117647
0.305503
0.058824
0.117647
0.117647
0.000000
0.000000
0.000000
0.176471
0.117647
0.235294
0.000000
0.058824
0.000000
0.058824
0.117647
0.000000
0.000000
0.000000
0.000000
0.000000
0.000000
0.411765
0.000000
0.000000
0.235294
0.058824
0.000000
0.000000
0.000000
0.176471
0.058824
0.058824
0.294118
0.352941
0.705882
0.000000
0.647059
0.000000
0.031077
0.000000
0.226244
0.352941
-0.037647
0.000000
-0.051151
0.058824
0.235294
0.000000
0.000000
0.000000
0.000000
0.000000
0.058824
-0.058824
0.117647
0.000000
0.000000
0.234389
-0.058824
0.000000
0.000000
0.057389
0.000000
0.058824
0.058824
0.058824
0.117647
0.000000
0.680603
0.117647
-0.037647
0.000000
0.000000
0.680603
0.000000
-0.058824
0.176471
-0.037647
0.000000
0.058824
0.823529
0.173375
0.176471
0.000000
0.000000
0.176471
0.000000
0.176471
0.000000
0.000000
0.000000
0.000000
0.739367
0.176471
0.000000
0.008285
0.057389
0.058824
-0.001417
0.000000
0.057389
0.528872
0.294118
0.000000
0.058824
0.000000
0.000000
0.117647
0.000000
0.176471
-0.058824
0.176471
0.000000
0.000000
0.000000
0.058824
0.000000
0.000000
0.518283
0.823529
0.031077
0.000000
0.176471
0.058824
0.104575
0.000000
0.117647
0.117647
0.000000
0.003056
0.176471
0.000000
0.235294
-0.051765
0.000000
-0.058824
0.000000
-0.052288
0.058824
0.058824
0.096886
0.000000
-0.051151
0.000000
0.058824
0.000000
0.117647
0.000000
-0.058824
0.000000
0.000000
0.058824
0.000000
-0.037647
0.058824
0.117647
0.486962
0.000000
0.173375
0.000000
0.235294
0.000000
0.031077
0.000000
0.705882
0.000000
0.470588
0.705882
0.000000
0.000000
0.000000
0.000000
0.058824
0.000000
0.000000
0.000000
0.114046
0.117647
0.058824
0.000000
0.000000
0.000000
-0.012788
0.058824
-0.026738
0.352941
0.117647
0.117647
-0.037647
0.235294
0.003056
0.117647
0.058824
0.000000
0.000000
0.117647
0.058824
0.352941
-0.012788
0.176471
0.445378
0.290479
0.176471
0.000000
0.058824
-0.058824
0.117647
0.423001
0.000000
0.000000
0.000000
-0.021672
0.000000
0.305503
0.000000
0.000000
0.117647
0.000000
0.000000
0.000000
0.000000
0.058824
0.117647
0.176471
0.117647
0.176471
0.058824
0.000000
0.176471
0.000000
0.000000
0.176471
0.000000
0.000000
0.000000
0.117647
0.058824
0.058824
0.000000
0.000000
0.000000
0.000000
0.000000
0.176471
0.176471
0.352941
0.000000
0.528872
0.117647
0.058824
0.000000
0.176471
0.000000
0.000000
0.470588
0.598377
0.000000
0.042017
0.058824
0.000000
0.234389
0.187569
0.000000
0.000000
0.352941
0.588235
0.176471
0.117647
0.117647
0.000000
0.000000
0.000000
0.000000
0.000000
0.058824
0.063939
-0.038062
0.000000
0.005348
0.000000
-0.031674
0.173375
0.423001
-0.001417
0.000000
0.117647
0.000000
0.117647
0.294118
0.000000
-0.012788
-0.012788
0.008285
0.000000
0.294118
0.000000
0.000000
0.551261
0.000000
0.045752
-0.058824
-0.031674
0.198728
-0.058824
0.000000
-0.045249
0.294118
0.296535
0.082353
0.000000
0.000000
-0.028571
-0.051151
0.000000
0.445378
0.114046
0.000000
0.000000
0.117647
0.176471
0.000000
0.615825
0.000000
0.000000
0.000000
0.117647
0.000000
0.239351
0.058824
0.117647
0.058824
0.058824
0.058824
0.234389
0.294118
0.000000
0.528872
0.000000
0.058824
0.000000
0.058824
0.296535
0.000000
0.058824
0.117647
0.359477
0.000000
0.000000
0.294118
0.000000
0.739367
0.000000
0.000000
0.000000
-0.058824
0.057389
0.359477
0.000000
0.235294
0.058824
0.588235
0.235294
0.058824
-0.037647
0.000000
0.000000
0.176471
0.000000
0.058824
0.117647
0.000000
0.294118
0.058824
0.058824
0.176471
0.176471
0.680603
0.235294
0.000000
0.000000
0.294118
0.882353
0.117647
0.058824
0.117647
0.173375
0.000000
0.114046
0.000000
-0.037647
0.000000
0.117647
0.235294
-0.037647
0.000000
0.000000
-0.012788
0.000000
0.058824
0.000000
0.000000
-0.029815
0.000000
0.000000
-0.019608
0.000000
0.058824
0.000000
0.000000
0.000000
0.000000
0.058824
0.000000
-0.037647
-0.058824
0.000000
-0.058824
-0.058824
0.058824
0.058824
-0.058824
0.058824
-0.037647
0.000000
0.000000
-0.037647
0.000000
0.000000
0.000000
0.000000
0.000000
0.000000
0.000000
0.000000
0.000000
0.117647
-0.058824
0.176471
0.000000
0.057389
-0.051765
0.057389
0.411765
-0.045249
0.000000
0.352941
0.000000
0.000000
-0.037647
0.000000
0.000000
0.000000
0.058824
0.374332
0.296535
0.000000
0.058824
0.000000
0.000000
0.058824
0.518283
0.162791
-0.051765
0.000000
0.155321
0.000000
0.235294
0.114046
0.063939
0.058824
0.058824
0.261438
-0.058824
-0.001417
0.093306
0.176471
0.000000
0.162791
0.261438
-0.045249
0.058824
0.294118
0.000000
0.058824
-0.048443
0.000000
0.058824
0.000000
0.000000
0.058824
0.000000
0.016807
0.296535
0.000000
0.359477
0.000000
0.005348
0.296535
0.470588
0.000000
0.058824
0.000000
0.057389
0.234389
0.000000
0.000000
-0.045249
0.058824
0.000000
-0.058824
0.000000
0.000000
0.000000
0.176471
0.220114
0.352941
0.058824
0.411765
0.000000
0.000000
0.000000
0.058824
0.359477
0.000000
0.000000
0.058824
0.000000
0.000000
0.058824
0.000000
0.198728
0.176471
0.058824
0.235294
0.058824
0.005348
0.000000
0.000000
0.000000
0.239351
-0.031674
0.058824
0.000000
0.588235
0.647059
0.000000
0.000000
0.294118
0.058824
0.000000
0.176471
0.000000
0.000000
0.058824
0.000000
0.000000
0.000000
0.000000
0.000000
0.000000
0.176471
0.000000
0.000000
0.359477
0.000000
-0.052122
0.000000
0.764706
0.117647
0.058824
0.470588
0.000000
0.000000
0.000000
0.000000
0.470588
0.000000
0.551261
-0.051151
0.058824
0.000000
0.000000
0.176471
0.000000
0.000000
0.000000
0.058824
0.000000
0.104575
0.176471
0.000000
0.173375
0.000000
0.058824
0.374332
-0.045249
0.000000
0.000000
0.000000
0.058824
0.000000
0.117647
0.000000
0.117647
0.117647
0.052632
-0.031674
0.294118
0.176471
0.058824
-0.037647
0.000000
0.058824
0.000000
0.486962
0.294118
0.058824
-0.031674
0.117647
0.058824
-0.037647
0.058824
0.234389
-0.029815
0.117647
0.000000
0.117647
0.000000
0.000000
0.058824
0.058824
0.000000
0.000000
0.000000
0.117647
0.000000
0.104575
0.000000
0.000000
0.000000
0.000000
0.470588
0.000000
0.000000
0.176471
0.000000
0.000000
0.352941
0.058824
0.000000
0.176471
0.000000
0.000000
0.176471
0.000000
0.000000
0.176471
0.058824
0.000000
0.000000
0.000000
0.000000
0.000000
-0.012788
0.000000
0.000000
0.117647
0.058824
0.000000
0.176471
0.058824
0.058824
0.000000
0.000000
0.000000
0.000000
0.000000
0.000000
0.000000
0.003056
0.000000
0.058824
0.000000
-0.050145
0.058824
0.000000
0.294118
-0.032680
0.220114
0.000000
0.058824
0.000000
0.000000
0.000000
-0.058824
0.440622
0.000000
0.423001
0.031077
0.000000
0.058824
0.000000
0.114046
0.000000
0.117647
0.000000
-0.012788
0.705882
0.528872
0.117647
0.000000
0.176471
0.117647
0.058824
0.486962
0.000000
0.058824
0.235294
-0.037647
0.117647
0.000000
0.235294
0.000000
0.000000
0.000000
0.000000
0.000000
-0.058824
0.117647
0.176471
0.117647
0.058824
0.000000
0.173375
0.058824
0.359477
-0.051151
-0.052122
0.239351
-0.008058
0.114046
0.058824
0.000000
0.000000
0.214706
0.138718
0.000000
0.058824
0.058824
0.058824
0.104575
0.058824
0.000000
0.000000
0.000000
0.000000
0.058824
-0.012788
0.058824
0.000000
0.000000
0.226244
0.000000
0.000000
0.000000
0.117647
0.058824
0.000000
-0.051151
0.000000
0.000000
0.104575
0.021672
0.352941
0.000000
0.000000
0.058824
0.000000
0.000000
0.058824
0.326203
0.460208
0.117647
0.000000
0.138718
0.000000
0.000000
0.000000
0.000000
0.176471
0.005348
0.058824
0.615825
0.000000
-0.037647
0.352941
0.117647
0.000000
0.411765
0.000000
-0.032680
0.294118
0.082353
0.705882
0.647059
0.000000
0.117647
0.000000
0.000000
0.486962
0.551261
0.000000
0.117647
0.117647
-0.012788
0.152941
0.117647
0.294118
0.000000
0.000000
0.117647
0.000000
0.000000
0.000000
0.000000
0.058824
0.000000
0.235294
0.058824
0.598377
0.058824
0.000000
0.000000
0.000000
0.000000
0.058824
0.000000
0.058824
0.176471
0.000000
-0.058824
0.460208
0.000000
0.000000
0.000000
0.096886
0.117647
0.000000
0.003056
-0.029815
0.588235
0.000000
0.016807
-0.052122
0.000000
0.058824
0.117647
-0.048443
0.198728
0.000000
0.000000
0.528872
0.000000
0.000000
0.058824
0.058824
0.000000
0.155321
0.000000
0.000000
0.000000
0.000000
0.117647
0.000000
0.000000
0.058824
0.000000
0.058824
0.000000
0.000000
0.000000
0.470588
0.000000
0.000000
0.235294
-0.021672
0.058824
0.058824
0.058824
0.000000
0.000000
0.000000
0.000000
0.058824
0.058824
0.000000
0.058824
0.031077
-0.026738
0.000000
0.470588
0.117647
0.117647
0.058824
0.058824
0.000000
0.000000
0.117647
0.000000
0.000000
0.000000
0.294118
0.000000
0.045752
-0.052288
0.000000
0.000000
0.042017
0.058824
0.000000
0.176471
0.235294
0.176471
0.000000
0.235294
0.176471
0.058824
0.294118
0.058824
0.235294
0.000000
0.305503
0.176471
0.668580
0.000000
0.764706
0.000000
0.003056
0.058824
0.058824
0.000000
0.155321
-0.037647
0.173375
0.058824
0.326203
0.117647
0.096886
0.058824
0.000000
0.226244
0.000000
0.352941
0.529412
0.117647
0.000000
0.117647
0.615825
0.058824
0.155321
-0.058824
0.423001
0.000000
0.000000
0.000000
-0.021672
0.235294
0.000000
0.058824
0.000000
0.000000
0.000000
0.000000
0.058824
0.000000
0.000000
0.000000
0.082353
0.000000
-0.058824
0.058824
0.000000
0.234389
0.000000
0.058824
0.411765
-0.058824
-0.058824
0.000000
-0.058824
0.176471
0.000000
0.000000
-0.012788
0.058824
0.470588
0.000000
0.045752
0.000000
0.000000
0.000000
0.101231
0.000000
0.000000
0.058824
0.000000
0.058824
-0.037647
0.058824
0.000000
0.000000
0.000000
0.000000
0.000000
0.000000
0.294118
0.000000
0.000000
-0.058824
0.000000
0.000000
0.016807
0.000000
0.058824
0.058824
0.235294
0.365754
0.470588
0.705882
0.000000
0.058824
0.057389
0.000000
0.294118
0.000000
0.000000
0.029412
0.294118
0.058824
0.176471
-0.031674
0.176471
0.176471
0.000000
0.198728
0.000000
0.000000
0.405882
0.411765
0.031077
0.411765
0.058824
0.000000
0.117647
0.096886
0.000000
0.058824
0.000000
0.411765
0.008285
0.117647
0.234389
0.352941
0.000000
0.000000
0.470588
0.411765
0.000000
0.114604
0.460208
0.000000
0.365754
0.000000
0.000000
0.114046
0.058824
0.323529
0.058824
0.058824
0.352941
0.058824
-0.021672
0.117647
0.000000
0.235294
0.000000
0.176471
0.000000
0.117647
0.117647
0.000000
0.000000
0.000000
0.058824
0.000000
0.000000
0.005348
0.294118
0.058824
0.117647
0.058824
0.000000
0.000000
0.000000
-0.037647
0.005348
0.058824
0.411765
0.000000
0.000000
0.176471
-0.050145
0.000000
0.000000
0.176471
0.016807
0.198728
0.058824
0.235294
0.235294
0.378707
0.058824
0.000000
0.000000
0.235294
0.176471
0.031077
0.176471
0.000000
0.000000
0.058824
0.000000
0.176471
0.000000
0.235294
0.000000
0.000000
0.000000
0.000000
0.000000
0.000000
0.000000
0.000000
0.000000
0.000000
0.058824
1.000000
0.000000
0.000000
0.000000
0.058824
0.226244
0.155321
0.093306
0.000000
0.117647
0.000000
0.000000
0.000000
0.235294
0.058824
0.058824
0.117647
0.058824
0.000000
0.000000
0.000000
0.176471
0.058824
0.058824
0.000000
0.000000
0.117647
0.000000
0.117647
0.057389
0.000000
-0.058824
0.000000
0.176471
0.058824
0.000000
0.000000
0.234389
-0.058824
0.058824
0.031077
0.058824
0.598377
0.058824
0.745554
0.000000
0.000000
0.000000
0.000000
0.138718
0.598377
0.000000
0.058824
0.117647
0.000000
0.445378
0.082353
0.000000
0.592760
0.445378
0.235294
0.470588
0.000000
0.057389
0.000000
0.334721
0.045752
0.082353
0.518283
0.000000
0.000000
0.000000
0.058824
-0.058824
0.176471
0.000000
0.058824
0.058824
0.000000
0.000000
0.000000
0.058824
0.588235
0.000000
0.058824
0.235294
-0.037647
0.117647
0.305503
0.000000
0.000000
0.117647
0.000000
0.000000
0.000000
0.000000
0.138718
0.058824
0.058824
0.173375
0.082353
0.176471
0.739367
0.117647
0.411765
0.000000
0.294118
0.058824
0.000000
0.058824
0.000000
0.000000
0.000000
0.000000
0.529412
0.411765
0.176471
0.000000
0.000000
0.764706
0.000000
0.176471
0.296535
0.000000
0.000000
0.117647
0.104575
-0.052122
0.058824
0.117647
0.000000
0.138718
0.114046
0.000000
0.000000
0.000000
0.000000
0.235294
0.117647
0.000000
0.000000
0.000000
0.000000
0.042017
0.000000
0.000000
0.000000
0.235294
0.008285
0.352941
0.000000
0.000000
0.359477
0.058824
-0.037647
0.000000
0.000000
0.000000
0.000000
-0.037647
0.082353
0.000000
0.235294
0.000000
0.058824
0.000000
0.000000
0.000000
0.117647
0.058824
0.031077
0.000000
0.000000
0.057389
0.000000
0.000000
0.000000
0.235294
0.235294
0.005348
0.529412
0.000000
0.000000
0.000000
0.058824
0.000000
0.823529
0.000000
0.000000
0.000000
0.294118
0.000000
0.000000
0.000000
0.000000
0.000000
0.294118
0.000000
0.647059
0.615825
0.117647
0.000000
0.000000
0.000000
0.000000
0.000000
0.000000
0.093306
-0.037647
0.000000
0.000000
0.000000
0.000000
0.117647
0.000000
0.058824
0.117647
0.000000
0.000000
0.000000
0.352941
0.000000
0.000000
0.680603
0.176471
0.000000
0.000000
0.176471
0.000000
0.000000
0.057389
0.000000
0.000000
0.745554
0.176471
0.000000
0.000000
0.117647
0.000000
0.117647
0.052632
0.176471
0.058824
0.235294
0.058824
0.000000
0.239351
0.705882
0.058824
0.294118
0.000000
0.176471
0.392570
0.058824
0.000000
0.486962
0.000000
0.117647
0.000000
0.000000
0.000000
0.058824
0.000000
0.173375
0.000000
0.058824
0.000000
0.000000
0.764706
0.000000
0.392570
0.615825
0.176471
0.058824
0.000000
0.352941
0.117647
-0.045249
0.000000
0.000000
0.000000
0.000000
0.000000
0.374332
0.045752
0.058824
0.000000
0.000000
0.000000
0.000000
0.058824
0.000000
0.082353
0.058824
0.117647
0.058824
0.647059
0.045752
0.000000
0.000000
0.235294
0.000000
0.000000
0.000000
0.058824
0.117647
0.411765
0.000000
0.000000
0.000000
0.359477
0.680603
0.000000
0.445378
0.058824
0.117647
0.198728
0.220114
0.000000
0.000000
0.000000
0.000000
0.000000
0.326203
0.000000
-0.052288
0.008285
0.261438
-0.045249
0.117647
0.000000
0.764706
0.000000
0.000000
0.518283
0.000000
0.008285
0.058824
0.294118
0.117647
0.000000
0.198728
0.117647
0.117647
0.000000
-0.021672
0.198728
0.647059
0.057389
-0.031674
0.235294
0.000000
0.058824
-0.048443
0.058824
-0.037647
-0.050145
-0.037647
-0.029815
0.000000
0.359477
0.235294
0.000000
0.294118
0.058824
-0.048443
0.486962
0.117647
0.058824
0.226244
0.096886
0.529412
0.294118
0.176471
0.176471
0.109128
-0.037647
0.352941
0.000000
0.000000
0.941176
0.057389
0.000000
0.176471
0.326203
0.058824
0.058824
0.058824
0.058824
0.173375
0.058824
0.000000
-0.029815
0.162791
0.000000
0.000000
0.117647
0.000000
0.294118
0.000000
0.000000
0.058824
0.176471
0.058824
0.058824
0.000000
0.000000
0.058824
0.058824
0.000000
0.005348
0.058824
0.058824
0.000000
0.104575
0.000000
0.000000
0.359477
0.058824
-0.058824
0.000000
0.000000
0.005348
0.176471
0.000000
0.000000
0.000000
0.235294
0.117647
0.000000
0.000000
0.000000
0.058824
0.810648
0.058824
0.058824
0.117647
0.000000
0.000000
0.045752
0.000000
0.000000
0.057389
0.138718
-0.037647
0.000000
-0.045249
-0.037647
0.000000
0.000000
0.104575
0.000000
0.138718
0.052632
0.000000
-0.048443
0.042017
0.000000
0.117647
0.000000
0.235294
-0.045249
-0.037647
-0.058824
