-0.058823529411764705
0.17647058823529413
0.5294117647058825
0.9411764705882353
1.561251128379126e-17
1.0
0.17647058823529413
0.9411764705882353
0.8758620689655172
0.6158250910983862
1.561251128379126e-17
1.561251128379126e-17
1.561251128379126e-17
1.561251128379126e-17
0.11764705882352941
0.05882352941176477
1.561251128379126e-17
1.561251128379126e-17
1.561251128379126e-17
1.561251128379126e-17
1.561251128379126e-17
0.17647058823529413
1.561251128379126e-17
0.05882352941176477
0.47058823529411764
0.17647058823529413
0.05882352941176477
0.9411764705882353
0.13871817383669882
0.031076581576026625
0.8106483469300129
1.561251128379126e-17
1.561251128379126e-17
0.23529411764705882
1.561251128379126e-17
1.561251128379126e-17
0.11764705882352941
1.561251128379126e-17
0.05882352941176477
0.11764705882352941
0.35294117647058826
0.17647058823529413
1.561251128379126e-17
0.11764705882352941
1.561251128379126e-17
0.823529411764706
1.561251128379126e-17
0.11764705882352941
0.05882352941176477
1.561251128379126e-17
0.23529411764705882
0.05882352941176477
0.05882352941176477
0.8823529411764707
0.11764705882352941
1.561251128379126e-17
0.05882352941176477
0.5294117647058825
1.561251128379126e-17
0.2941176470588236
1.561251128379126e-17
1.561251128379126e-17
1.561251128379126e-17
1.561251128379126e-17
0.01680672268907567
0.22624434389140283
1.0
0.05882352941176477
0.11764705882352941
0.005347593582887679
0.29653505237711514
-0.037647058823529395
1.561251128379126e-17
1.561251128379126e-17
0.05882352941176477
1.561251128379126e-17
0.11764705882352941
1.561251128379126e-17
1.561251128379126e-17
0.06518282988871223
0.5512605042016806
0.7058823529411764
0.05882352941176477
1.561251128379126e-17
1.561251128379126e-17
0.23529411764705882
0.32620320855614976
0.11764705882352944
1.561251128379126e-17
0.05882352941176477
-0.026737967914438488
0.35294117647058826
0.01680672268907567
0.05882352941176477
1.561251128379126e-17
-0.04524886877828056
1.561251128379126e-17
1.561251128379126e-17
0.11764705882352941
1.561251128379126e-17
0.2941176470588236
1.561251128379126e-17
0.2941176470588236
1.561251128379126e-17
1.561251128379126e-17
1.561251128379126e-17
-0.05882352941176471
0.05882352941176477
1.561251128379126e-17
0.05882352941176477
0.5882352941176471
0.29411764705882354
1.561251128379126e-17
0.23529411764705882
0.05882352941176477
0.23529411764705882
1.561251128379126e-17
0.11764705882352941
0.29653505237711514
0.4869617950272893
0.05882352941176477
1.561251128379126e-17
1.561251128379126e-17
1.561251128379126e-17
0.040830449826989676
0.00305576776165009
0.08556149732620322
0.1140456182472989
0.21796436416890413
0.23529411764705882
0.08235294117647059
1.561251128379126e-17
1.561251128379126e-17
0.46020761245674746
0.17647058823529413
0.23438914027149324
0.17647058823529413
1.561251128379126e-17
1.561251128379126e-17
0.7647058823529411
1.561251128379126e-17
1.561251128379126e-17
0.37433155080213903
0.29653505237711514
0.3925696594427245
0.32620320855614976
0.13871817383669882
1.561251128379126e-17
1.561251128379126e-17
1.561251128379126e-17
0.00828500414250208
1.561251128379126e-17
1.561251128379126e-17
-0.029814665592264318
-0.05212211466865228
0.0457516339869281
-0.0522875816993464
0.00828500414250208
1.561251128379126e-17
0.4117647058823529
0.08235294117647059
0.05882352941176477
0.13871817383669882
-0.058823529411764705
0.23438914027149324
0.05882352941176477
-0.05176470588235295
0.05882352941176477
0.23529411764705882
-0.032679738562091484
1.561251128379126e-17
1.561251128379126e-17
1.561251128379126e-17
1.561251128379126e-17
1.561251128379126e-17
0.05882352941176477
0.05882352941176477
0.05882352941176477
0.173374613003096
-0.02167182662538698
0.06393861892583122
1.561251128379126e-17
-0.05212211466865228
1.561251128379126e-17
0.05882352941176477
0.23935091277890475
0.00828500414250208
0.11764705882352941
1.561251128379126e-17
1.561251128379126e-17
0.5182829888712243
1.561251128379126e-17
0.7058823529411764
0.11764705882352941
0.8823529411764707
0.05882352941176477
0.11764705882352941
0.2941176470588236
0.17647058823529413
0.23529411764705882
0.08235294117647059
-0.05882352941176471
1.561251128379126e-17
1.561251128379126e-17
0.0420168067226891
1.561251128379126e-17
0.4117647058823529
-0.032679738562091484
0.00305576776165009
0.35294117647058826
0.11764705882352941
0.031076581576026625
0.0933062880324544
1.561251128379126e-17
0.17647058823529413
-0.037647058823529395
0.05882352941176477
0.040830449826989676
-0.050144648023143674
1.561251128379126e-17
0.040830449826989676
0.08235294117647059
0.23935091277890475
0.17647058823529413
0.35947712418300654
1.561251128379126e-17
0.05882352941176477
1.561251128379126e-17
0.47058823529411764
0.00305576776165009
1.561251128379126e-17
1.561251128379126e-17
1.561251128379126e-17
0.23529411764705882
0.5512605042016806
1.561251128379126e-17
0.17647058823529413
0.0933062880324544
1.0
0.823529411764706
1.561251128379126e-17
0.5983772819472617
1.561251128379126e-17
1.561251128379126e-17
0.05882352941176477
0.4117647058823529
0.4117647058823529
0.17647058823529413
0.17647058823529413
-0.029814665592264318
0.08235294117647059
0.47058823529411764
-0.0522875816993464
0.05882352941176477
1.561251128379126e-17
1.0
-0.058823529411764705
0.17647058823529413
0.23529411764705882
0.05882352941176477
-0.02167182662538698
1.561251128379126e-17
0.2941176470588236
0.6470588235294117
1.561251128379126e-17
0.29653505237711514
1.561251128379126e-17
0.267379679144385
0.23438914027149324
0.05882352941176477
0.5757196495619523
-0.037647058823529395
1.561251128379126e-17
0.1140456182472989
0.05882352941176477
1.561251128379126e-17
0.057388809182209434
0.5288720992984349
1.561251128379126e-17
0.17647058823529413
0.35294117647058826
1.561251128379126e-17
1.561251128379126e-17
1.561251128379126e-17
0.7455540355677155
0.23438914027149324
-0.058823529411764705
0.05882352941176477
0.4869617950272893
0.23529411764705882
0.05263157894736842
0.2941176470588236
1.561251128379126e-17
0.17647058823529413
0.031076581576026625
0.4117647058823529
0.261437908496732
1.561251128379126e-17
1.561251128379126e-17
0.4117647058823529
1.561251128379126e-17
0.11764705882352941
1.561251128379126e-17
0.5512605042016806
0.23529411764705882
0.261437908496732
0.05882352941176477
0.5294117647058825
-0.058823529411764705
0.4117647058823529
1.561251128379126e-17
1.561251128379126e-17
0.11764705882352941
0.4117647058823529
0.47058823529411764
0.05882352941176477
0.23529411764705882
1.561251128379126e-17
0.47058823529411764
0.8106483469300129
1.561251128379126e-17
1.561251128379126e-17
1.561251128379126e-17
0.5882352941176471
1.561251128379126e-17
0.05882352941176477
0.8106483469300129
1.561251128379126e-17
0.17647058823529413
1.561251128379126e-17
0.11764705882352944
0.4117647058823529
0.35947712418300654
1.561251128379126e-17
0.29411764705882354
1.561251128379126e-17
0.10457516339869283
0.2941176470588236
1.561251128379126e-17
0.47058823529411764
1.561251128379126e-17
1.561251128379126e-17
0.17647058823529413
0.08235294117647059
0.05882352941176477
0.35294117647058826
0.05882352941176477
1.561251128379126e-17
0.05882352941176477
0.0933062880324544
-0.0316742081447964
0.00828500414250208
0.173374613003096
1.561251128379126e-17
-0.037647058823529395
0.5294117647058825
0.057388809182209434
0.23529411764705882
0.05882352941176477
0.11764705882352941
1.561251128379126e-17
0.11764705882352941
1.561251128379126e-17
0.3925696594427245
0.05882352941176477
0.05882352941176477
0.11764705882352941
0.6685796269727403
0.11764705882352941
0.8954248366013072
0.1570531125071388
0.05882352941176477
1.561251128379126e-17
0.23529411764705882
0.9411764705882353
1.561251128379126e-17
-0.037647058823529395
0.17647058823529413
0.05882352941176477
0.05882352941176477
0.4230006609385327
1.561251128379126e-17
1.561251128379126e-17
0.05882352941176477
0.35294117647058826
1.561251128379126e-17
0.6158250910983862
0.05882352941176477
0.29653505237711514
0.00828500414250208
1.561251128379126e-17
0.17647058823529413
0.10457516339869283
-0.05882352941176471
1.561251128379126e-17
0.05882352941176477
0.35294117647058826
-0.0014174344436569527
0.0
0.35294117647058826
1.561251128379126e-17
0.35947712418300654
0.17647058823529413
1.561251128379126e-17
0.11764705882352941
-0.037647058823529395
0.4230006609385327
0.23438914027149324
0.173374613003096
0.11764705882352941
1.561251128379126e-17
0.23438914027149324
0.7647058823529411
0.5882352941176471
0.0457516339869281
0.0933062880324544
0.030474840538625068
0.031076581576026625
0.11764705882352941
0.05882352941176477
-0.02167182662538698
0.01680672268907567
0.05882352941176477
0.2941176470588236
0.17647058823529413
1.561251128379126e-17
1.561251128379126e-17
1.561251128379126e-17
0.23438914027149324
1.561251128379126e-17
0.35947712418300654
1.561251128379126e-17
0.11764705882352941
-0.05882352941176471
-0.05882352941176471
0.35947712418300654
0.3025210084033613
-0.045588235294117666
0.4230006609385327
0.11764705882352941
0.05882352941176477
0.057388809182209434
1.561251128379126e-17
1.561251128379126e-17
1.561251128379126e-17
-0.037647058823529395
-0.032679738562091484
0.4869617950272893
-0.037647058823529395
0.05882352941176477
-0.0014174344436569527
0.05882352941176477
1.561251128379126e-17
-0.037647058823529395
1.561251128379126e-17
1.561251128379126e-17
0.0457516339869281
1.561251128379126e-17
1.561251128379126e-17
1.561251128379126e-17
-0.058823529411764705
0.8823529411764707
1.561251128379126e-17
1.561251128379126e-17
0.11764705882352941
0.23438914027149324
1.561251128379126e-17
0.37433155080213903
1.561251128379126e-17
0.05882352941176477
1.561251128379126e-17
0.057388809182209434
1.561251128379126e-17
1.561251128379126e-17
0.029411764705882415
0.1140456182472989
0.17647058823529413
1.561251128379126e-17
0.11764705882352941
0.2941176470588236
0.23529411764705882
0.4230006609385327
0.5512605042016806
0.1323529411764706
1.561251128379126e-17
0.35947712418300654
0.05882352941176477
0.17647058823529413
0.23529411764705882
0.32312651087832406
0.261437908496732
1.561251128379126e-17
1.561251128379126e-17
0.173374613003096
0.23438914027149324
1.561251128379126e-17
0.22624434389140283
0.17647058823529413
-0.0400278454577097
0.2941176470588236
0.15532055518836754
1.561251128379126e-17
0.23529411764705882
1.561251128379126e-17
-0.048442906574394456
1.561251128379126e-17
1.561251128379126e-17
0.17647058823529413
0.05882352941176477
0.173374613003096
1.561251128379126e-17
0.6806028196402527
0.43407707910750504
0.5294117647058825
0.05882352941176477
0.05882352941176477
0.15532055518836754
-0.05882352941176471
1.561251128379126e-17
0.17647058823529413
0.23529411764705882
1.561251128379126e-17
0.11764705882352941
0.05882352941176477
0.23438914027149324
0.4117647058823529
0.05882352941176477
0.23529411764705882
0.0933062880324544
1.561251128379126e-17
0.23529411764705882
-0.04524886877828056
0.3657542224810717
0.05263157894736842
0.11764705882352941
0.2941176470588236
1.561251128379126e-17
0.005347593582887679
-0.05115089514066496
1.561251128379126e-17
-0.05212211466865228
0.11764705882352941
0.05882352941176477
1.561251128379126e-17
0.05882352941176477
1.561251128379126e-17
0.08235294117647059
0.11764705882352941
1.561251128379126e-17
0.05882352941176477
0.0420168067226891
-0.058823529411764705
1.561251128379126e-17
1.561251128379126e-17
1.561251128379126e-17
0.05882352941176477
0.5182829888712243
-0.037647058823529395
0.17647058823529413
0.5927601809954752
0.23529411764705882
0.11764705882352941
1.561251128379126e-17
1.561251128379126e-17
-0.058823529411764705
0.23438914027149324
0.6158250910983862
1.561251128379126e-17
0.0420168067226891
0.23529411764705882
1.561251128379126e-17
0.19872813990461047
0.005347593582887679
0.05882352941176477
1.561251128379126e-17
-0.05882352941176471
1.561251128379126e-17
1.561251128379126e-17
0.18823529411764708
1.561251128379126e-17
0.4117647058823529
0.029411764705882415
1.561251128379126e-17
0.3055028462998104
1.561251128379126e-17
0.11764705882352941
0.05882352941176477
0.17647058823529413
-0.037647058823529395
0.0457516339869281
0.17647058823529413
0.23438914027149324
1.561251128379126e-17
1.561251128379126e-17
1.561251128379126e-17
0.4117647058823529
-0.0014174344436569527
0.4117647058823529
1.561251128379126e-17
0.35294117647058826
-0.02167182662538698
1.561251128379126e-17
0.11764705882352941
1.561251128379126e-17
0.0420168067226891
0.040830449826989676
0.17647058823529413
0.0457516339869281
0.17647058823529413
1.561251128379126e-17
0.23529411764705882
-0.058823529411764705
0.23529411764705882
0.6470588235294117
0.5512605042016806
1.561251128379126e-17
1.561251128379126e-17
0.11764705882352941
0.17647058823529413
1.561251128379126e-17
1.561251128379126e-17
0.11764705882352941
0.05882352941176477
0.05882352941176477
0.11764705882352941
0.4869617950272893
0.17647058823529413
0.05882352941176477
0.8823529411764707
1.561251128379126e-17
1.561251128379126e-17
0.11764705882352941
1.561251128379126e-17
0.5882352941176471
1.561251128379126e-17
1.561251128379126e-17
0.057388809182209434
1.561251128379126e-17
0.3657542224810717
1.561251128379126e-17
1.561251128379126e-17
1.561251128379126e-17
1.561251128379126e-17
1.561251128379126e-17
-0.037647058823529395
1.561251128379126e-17
0.173374613003096
1.561251128379126e-17
1.561251128379126e-17
0.05882352941176477
-0.050144648023143674
0.47058823529411764
0.17647058823529413
0.35294117647058826
1.561251128379126e-17
0.35294117647058826
-0.05882352941176471
0.2941176470588236
-0.037647058823529395
0.05882352941176477
0.23529411764705882
0.15532055518836754
1.561251128379126e-17
1.561251128379126e-17
0.19872813990461047
0.1140456182472989
-0.029814665592264318
1.561251128379126e-17
1.561251128379126e-17
0.35294117647058826
-0.037647058823529395
0.0933062880324544
1.561251128379126e-17
0.823529411764706
1.561251128379126e-17
1.561251128379126e-17
0.32620320855614976
1.561251128379126e-17
1.561251128379126e-17
-0.012787723785166254
0.23529411764705882
1.561251128379126e-17
0.17647058823529413
1.561251128379126e-17
0.05882352941176477
-0.05882352941176471
0.15294117647058822
0.0933062880324544
0.173374613003096
0.4117647058823529
0.4117647058823529
0.005347593582887679
0.11764705882352941
1.561251128379126e-17
0.11764705882352941
0.05882352941176477
0.23529411764705882
0.0420168067226891
0.09688581314878894
0.05882352941176477
0.4488910318225651
1.561251128379126e-17
0.05882352941176477
1.561251128379126e-17
0.05882352941176477
0.23529411764705882
0.261437908496732
0.05882352941176477
0.11764705882352941
0.2904790782292298
0.17647058823529413
0.09688581314878894
1.561251128379126e-17
0.05882352941176477
-0.05882352941176471
1.561251128379126e-17
1.561251128379126e-17
-0.026737967914438488
1.561251128379126e-17
0.23529411764705882
1.561251128379126e-17
-0.02857142857142858
0.06393861892583122
1.561251128379126e-17
1.561251128379126e-17
-0.058823529411764705
-0.05882352941176471
0.22011385199240982
0.15532055518836754
1.561251128379126e-17
1.561251128379126e-17
0.3925696594427245
0.5294117647058825
0.05882352941176477
-0.058823529411764705
0.11764705882352941
-0.012787723785166254
0.29411764705882354
0.01680672268907567
0.00828500414250208
0.35294117647058826
0.6158250910983862
1.561251128379126e-17
0.23529411764705882
1.561251128379126e-17
0.15294117647058822
1.561251128379126e-17
1.561251128379126e-17
1.561251128379126e-17
0.2941176470588236
1.561251128379126e-17
1.561251128379126e-17
-0.02167182662538698
1.561251128379126e-17
1.561251128379126e-17
1.561251128379126e-17
0.35294117647058826
1.561251128379126e-17
1.561251128379126e-17
0.11764705882352941
1.561251128379126e-17
0.17647058823529418
-0.0522875816993464
0.005347593582887679
1.561251128379126e-17
0.05882352941176477
0.029411764705882415
0.11764705882352941
0.05882352941176477
0.05882352941176477
0.23935091277890475
1.561251128379126e-17
0.0420168067226891
0.0
1.561251128379126e-17
1.561251128379126e-17
0.005347593582887679
0.005347593582887679
0.0933062880324544
0.05882352941176477
1.561251128379126e-17
1.561251128379126e-17
1.561251128379126e-17
0.11764705882352941
0.0457516339869281
0.35294117647058826
-0.05115089514066496
1.561251128379126e-17
-0.048442906574394456
-0.037647058823529395
-0.04524886877828056
1.561251128379126e-17
0.05882352941176477
0.05882352941176477
1.561251128379126e-17
0.261437908496732
0.17647058823529413
1.561251128379126e-17
1.561251128379126e-17
0.17647058823529413
0.0457516339869281
1.561251128379126e-17
1.561251128379126e-17
0.05882352941176477
0.6158250910983862
0.11764705882352941
-0.037647058823529395
1.561251128379126e-17
-0.037647058823529395
0.35294117647058826
1.561251128379126e-17
1.561251128379126e-17
1.561251128379126e-17
0.005347593582887679
-0.058823529411764705
0.031076581576026625
-0.012787723785166254
0.11764705882352941
1.561251128379126e-17
-0.05882352941176471
1.561251128379126e-17
0.05882352941176477
0.15294117647058822
-0.058823529411764705
0.11764705882352944
-0.032679738562091484
1.561251128379126e-17
0.05263157894736842
0.11764705882352944
0.05882352941176477
0.1140456182472989
1.561251128379126e-17
1.561251128379126e-17
0.5512605042016806
1.561251128379126e-17
0.11764705882352941
0.29653505237711514
0.6685796269727403
1.561251128379126e-17
0.7647058823529411
0.05882352941176477
0.23438914027149324
0.4230006609385327
0.7058823529411764
0.11764705882352941
-0.050144648023143674
1.561251128379126e-17
0.23529411764705882
0.11764705882352941
0.3657542224810717
-0.0522875816993464
0.17647058823529413
0.11764705882352941
-0.012787723785166254
1.561251128379126e-17
0.05882352941176477
1.561251128379126e-17
1.561251128379126e-17
1.561251128379126e-17
0.05882352941176477
0.05882352941176477
0.05882352941176477
1.561251128379126e-17
1.561251128379126e-17
1.561251128379126e-17
-0.05176470588235295
-0.058823529411764705
0.261437908496732
0.17647058823529413
0.23529411764705882
1.561251128379126e-17
-0.058823529411764705
0.05882352941176477
-0.0522875816993464
0.13871817383669882
0.4117647058823529
-0.048442906574394456
0.1140456182472989
1.561251128379126e-17
1.561251128379126e-17
0.11764705882352941
0.057388809182209434
0.37433155080213903
-0.0316742081447964
1.561251128379126e-17
0.057388809182209434
0.05882352941176477
1.561251128379126e-17
1.561251128379126e-17
0.5882352941176471
0.23529411764705882
0.2941176470588236
1.561251128379126e-17
0.2941176470588236
0.05882352941176477
0.11764705882352941
0.05882352941176477
0.15294117647058822
1.561251128379126e-17
1.561251128379126e-17
0.17647058823529418
0.17647058823529413
0.005347593582887679
0.05882352941176477
0.7058823529411764
0.0457516339869281
0.5182829888712243
0.44062153163152057
1.561251128379126e-17
0.10457516339869283
-0.037647058823529395
0.19872813990461047
1.561251128379126e-17
0.7455540355677155
0.7455540355677155
0.17647058823529413
0.23529411764705882
0.05882352941176477
-0.050144648023143674
1.561251128379126e-17
0.05882352941176477
0.23529411764705882
0.5512605042016806
1.561251128379126e-17
0.11764705882352941
0.11764705882352941
1.561251128379126e-17
0.05882352941176477
-0.05212211466865228
0.16279069767441864
0.05882352941176477
0.17647058823529413
1.561251128379126e-17
0.05882352941176477
0.11764705882352941
-0.02167182662538698
0.057388809182209434
0.005347593582887679
0.005347593582887679
1.561251128379126e-17
1.561251128379126e-17
0.2941176470588236
1.561251128379126e-17
-0.058823529411764705
0.17647058823529413
0.0933062880324544
0.0457516339869281
1.561251128379126e-17
0.173374613003096
1.561251128379126e-17
1.561251128379126e-17
1.561251128379126e-17
0.05882352941176477
0.11764705882352941
-0.037647058823529395
1.561251128379126e-17
-0.037647058823529395
0.17647058823529413
0.17647058823529413
1.561251128379126e-17
0.17647058823529413
0.11764705882352941
1.561251128379126e-17
0.05882352941176477
0.08235294117647059
1.561251128379126e-17
0.23529411764705882
1.561251128379126e-17
0.11764705882352944
1.561251128379126e-17
1.561251128379126e-17
1.561251128379126e-17
0.6806028196402527
1.561251128379126e-17
1.561251128379126e-17
0.05882352941176477
-0.048442906574394456
1.561251128379126e-17
0.1362229102167183
0.05882352941176477
0.7647058823529411
1.561251128379126e-17
1.561251128379126e-17
-0.058823529411764705
-0.058823529411764705
0.11764705882352941
0.11764705882352941
1.561251128379126e-17
0.17647058823529413
1.561251128379126e-17
0.23529411764705882
0.4869617950272893
1.561251128379126e-17
0.05263157894736842
0.11764705882352941
0.05882352941176477
-0.037647058823529395
1.561251128379126e-17
0.11764705882352941
1.561251128379126e-17
1.561251128379126e-17
1.561251128379126e-17
0.2941176470588236
1.561251128379126e-17
0.06393861892583122
0.7647058823529411
0.5882352941176471
0.17647058823529413
0.4117647058823529
1.561251128379126e-17
0.05882352941176477
0.05882352941176477
0.35294117647058826
0.47058823529411764
0.11764705882352941
0.1140456182472989
0.05882352941176477
0.05882352941176477
1.561251128379126e-17
0.17647058823529413
1.561251128379126e-17
1.561251128379126e-17
0.11764705882352941
0.05882352941176477
0.05882352941176477
0.17647058823529418
0.05882352941176477
1.561251128379126e-17
0.6470588235294117
1.561251128379126e-17
1.561251128379126e-17
1.561251128379126e-17
0.05882352941176477
1.561251128379126e-17
1.561251128379126e-17
1.561251128379126e-17
-0.05882352941176471
0.05882352941176477
0.11764705882352941
1.561251128379126e-17
1.561251128379126e-17
0.05882352941176477
0.23529411764705882
1.561251128379126e-17
1.561251128379126e-17
0.05882352941176477
1.561251128379126e-17
0.2941176470588236
0.23529411764705882
1.561251128379126e-17
1.561251128379126e-17
0.05882352941176477
0.11764705882352941
0.17647058823529413
0.17647058823529413
1.561251128379126e-17
1.561251128379126e-17
0.17647058823529413
1.561251128379126e-17
1.561251128379126e-17
1.561251128379126e-17
0.05882352941176477
1.561251128379126e-17
1.561251128379126e-17
1.561251128379126e-17
0.17647058823529413
1.561251128379126e-17
1.561251128379126e-17
0.05882352941176477
0.4117647058823529
0.11764705882352941
0.05882352941176477
1.561251128379126e-17
1.561251128379126e-17
1.561251128379126e-17
0.1140456182472989
0.05882352941176477
0.23529411764705882
1.561251128379126e-17
-0.012787723785166254
0.11764705882352941
1.561251128379126e-17
0.057388809182209434
1.561251128379126e-17
0.11764705882352941
0.09688581314878894
0.17647058823529413
1.561251128379126e-17
0.261437908496732
0.05882352941176477
1.561251128379126e-17
1.561251128379126e-17
0.05882352941176477
0.5983772819472617
1.561251128379126e-17
1.561251128379126e-17
1.561251128379126e-17
1.561251128379126e-17
0.05882352941176477
0.11764705882352941
-0.0522875816993464
1.561251128379126e-17
1.561251128379126e-17
1.561251128379126e-17
0.11764705882352941
0.4869617950272893
-0.037647058823529395
1.561251128379126e-17
1.561251128379126e-17
0.11764705882352941
0.05882352941176477
0.4117647058823529
1.561251128379126e-17
1.561251128379126e-17
0.8106483469300129
1.561251128379126e-17
0.11764705882352941
1.561251128379126e-17
0.05882352941176477
1.561251128379126e-17
1.561251128379126e-17
0.05882352941176477
0.17647058823529413
1.561251128379126e-17
0.23529411764705882
0.05882352941176477
-0.02167182662538698
0.17647058823529413
0.23529411764705882
0.11764705882352941
1.561251128379126e-17
0.10457516339869283
1.561251128379126e-17
0.23529411764705882
1.561251128379126e-17
0.17647058823529413
0.35294117647058826
0.17647058823529418
0.05882352941176477
-0.05176470588235295
1.561251128379126e-17
1.561251128379126e-17
0.0457516339869281
1.561251128379126e-17
0.17647058823529413
0.2941176470588236
1.561251128379126e-17
0.23935091277890475
1.561251128379126e-17
0.05882352941176477
1.561251128379126e-17
1.561251128379126e-17
0.2941176470588236
1.561251128379126e-17
1.561251128379126e-17
1.561251128379126e-17
0.05882352941176477
0.05882352941176477
0.23529411764705882
0.5882352941176471
1.561251128379126e-17
0.5882352941176471
0.2941176470588236
0.05882352941176477
0.44062153163152057
1.561251128379126e-17
0.05882352941176477
0.11764705882352941
-0.04524886877828056
1.561251128379126e-17
1.561251128379126e-17
0.5512605042016806
1.561251128379126e-17
0.17647058823529418
0.6158250910983862
0.17647058823529413
0.11764705882352941
0.23529411764705882
0.08235294117647059
0.005347593582887679
1.561251128379126e-17
1.561251128379126e-17
1.561251128379126e-17
1.561251128379126e-17
0.05882352941176477
0.17647058823529418
1.561251128379126e-17
0.2941176470588236
0.05882352941176477
1.561251128379126e-17
1.561251128379126e-17
1.561251128379126e-17
1.561251128379126e-17
1.561251128379126e-17
-0.058823529411764705
1.0
1.561251128379126e-17
0.01680672268907567
1.561251128379126e-17
1.561251128379126e-17
1.561251128379126e-17
1.561251128379126e-17
1.561251128379126e-17
1.561251128379126e-17
1.561251128379126e-17
1.561251128379126e-17
0.11764705882352941
1.561251128379126e-17
1.561251128379126e-17
1.561251128379126e-17
1.561251128379126e-17
1.561251128379126e-17
0.057388809182209434
1.561251128379126e-17
1.561251128379126e-17
-0.05882352941176471
1.561251128379126e-17
1.561251128379126e-17
0.05882352941176477
0.05882352941176477
0.35294117647058826
1.561251128379126e-17
1.561251128379126e-17
0.11764705882352941
1.561251128379126e-17
1.561251128379126e-17
1.561251128379126e-17
1.561251128379126e-17
1.561251128379126e-17
1.561251128379126e-17
0.4230006609385327
0.057388809182209434
0.11764705882352941
0.05882352941176477
0.05882352941176477
1.561251128379126e-17
1.561251128379126e-17
0.17647058823529413
0.5294117647058825
0.23529411764705882
0.05882352941176477
0.11764705882352941
1.561251128379126e-17
0.9411764705882353
1.561251128379126e-17
1.561251128379126e-17
1.561251128379126e-17
1.561251128379126e-17
0.05882352941176477
0.05882352941176477
1.561251128379126e-17
0.05882352941176477
1.561251128379126e-17
0.6470588235294117
0.11764705882352941
0.05882352941176477
0.17647058823529413
0.05882352941176477
0.05882352941176477
0.2941176470588236
1.561251128379126e-17
0.4117647058823529
0.11764705882352941
1.561251128379126e-17
-0.03299856527977042
0.17647058823529413
1.561251128379126e-17
1.561251128379126e-17
0.22011385199240982
0.29653505237711514
0.23529411764705882
1.561251128379126e-17
-0.0316742081447964
1.561251128379126e-17
0.4230006609385327
-0.058823529411764705
0.05882352941176477
1.561251128379126e-17
1.561251128379126e-17
0.005347593582887679
0.11764705882352941
0.06393861892583122
-0.05176470588235295
0.05882352941176477
1.561251128379126e-17
1.561251128379126e-17
1.561251128379126e-17
1.561251128379126e-17
1.561251128379126e-17
1.561251128379126e-17
1.561251128379126e-17
0.05882352941176477
0.06393861892583122
1.561251128379126e-17
1.561251128379126e-17
0.2450980392156863
0.05882352941176477
0.8823529411764707
0.23529411764705882
0.08235294117647059
0.031076581576026625
0.17647058823529413
1.561251128379126e-17
1.561251128379126e-17
0.17647058823529413
0.5288720992984349
0.05882352941176477
1.561251128379126e-17
1.561251128379126e-17
0.5512605042016806
0.005347593582887679
1.561251128379126e-17
1.561251128379126e-17
1.561251128379126e-17
1.561251128379126e-17
0.05882352941176477
0.05882352941176477
0.01680672268907567
0.05882352941176477
0.05882352941176477
0.261437908496732
1.561251128379126e-17
0.29653505237711514
1.561251128379126e-17
0.7058823529411764
0.173374613003096
0.11764705882352941
1.561251128379126e-17
-0.058823529411764705
1.561251128379126e-17
0.17647058823529413
0.11764705882352941
1.561251128379126e-17
0.05882352941176477
0.47058823529411764
0.05882352941176477
1.561251128379126e-17
0.15532055518836754
1.561251128379126e-17
-0.032679738562091484
0.05882352941176477
0.05882352941176477
1.561251128379126e-17
0.05882352941176477
0.173374613003096
0.11764705882352941
1.561251128379126e-17
1.561251128379126e-17
1.561251128379126e-17
1.561251128379126e-17
0.05882352941176477
0.17647058823529413
1.561251128379126e-17
1.561251128379126e-17
1.561251128379126e-17
1.561251128379126e-17
1.561251128379126e-17
0.47058823529411764
1.561251128379126e-17
1.561251128379126e-17
1.561251128379126e-17
1.561251128379126e-17
0.261437908496732
1.561251128379126e-17
0.2037302725968436
0.5294117647058825
0.4117647058823529
1.561251128379126e-17
0.23529411764705882
0.17647058823529413
-0.05882352941176471
0.1140456182472989
0.05882352941176477
0.23438914027149324
0.031076581576026625
0.4117647058823529
1.561251128379126e-17
0.23529411764705882
0.23438914027149324
-0.058823529411764705
0.23438914027149324
0.031076581576026625
-0.0522875816993464
0.05882352941176477
0.8823529411764707
0.23529411764705882
0.05882352941176477
0.5294117647058825
1.561251128379126e-17
0.2941176470588236
1.561251128379126e-17
-0.05176470588235295
0.057388809182209434
0.05882352941176477
0.05882352941176477
0.4117647058823529
0.031076581576026625
1.561251128379126e-17
0.00305576776165009
-0.0522875816993464
1.561251128379126e-17
0.05882352941176477
0.2941176470588236
1.561251128379126e-17
1.561251128379126e-17
1.561251128379126e-17
0.47058823529411764
0.17647058823529413
1.561251128379126e-17
0.19872813990461047
-0.03299856527977042
0.17647058823529413
0.05882352941176477
1.561251128379126e-17
0.031076581576026625
-0.058823529411764705
1.561251128379126e-17
1.561251128379126e-17
1.561251128379126e-17
1.561251128379126e-17
-0.0316742081447964
1.561251128379126e-17
-0.05115089514066496
0.17647058823529413
1.561251128379126e-17
0.05882352941176477
0.7647058823529411
1.561251128379126e-17
1.561251128379126e-17
0.4453781512605043
1.561251128379126e-17
0.2941176470588236
1.561251128379126e-17
-0.037647058823529395
1.561251128379126e-17
0.3055028462998104
0.5288720992984349
1.561251128379126e-17
0.05882352941176477
1.561251128379126e-17
1.561251128379126e-17
1.561251128379126e-17
1.561251128379126e-17
1.561251128379126e-17
1.561251128379126e-17
1.561251128379126e-17
1.561251128379126e-17
-0.058823529411764705
0.2941176470588236
0.23529411764705882
-0.058823529411764705
0.11764705882352941
-0.037647058823529395
1.561251128379126e-17
1.561251128379126e-17
0.05882352941176477
0.11764705882352941
1.561251128379126e-17
1.561251128379126e-17
0.05882352941176477
-0.037647058823529395
0.2941176470588236
0.05882352941176477
-0.048442906574394456
0.05882352941176477
1.561251128379126e-17
1.561251128379126e-17
1.561251128379126e-17
0.05882352941176477
0.11764705882352941
1.561251128379126e-17
1.561251128379126e-17
-0.0522875816993464
1.561251128379126e-17
0.05882352941176477
1.561251128379126e-17
1.561251128379126e-17
1.561251128379126e-17
0.23529411764705882
0.05882352941176477
0.0
0.17647058823529413
0.5294117647058825
1.561251128379126e-17
0.19872813990461047
1.561251128379126e-17
0.0
0.17647058823529413
0.05882352941176477
1.561251128379126e-17
0.05882352941176477
0.0420168067226891
0.35294117647058826
0.05882352941176477
0.4117647058823529
1.561251128379126e-17
1.561251128379126e-17
1.561251128379126e-17
1.561251128379126e-17
0.05882352941176477
0.17647058823529413
1.561251128379126e-17
0.17647058823529413
1.561251128379126e-17
1.561251128379126e-17
0.17647058823529418
1.561251128379126e-17
0.11764705882352941
0.5294117647058825
0.17647058823529413
1.561251128379126e-17
1.561251128379126e-17
1.561251128379126e-17
0.23529411764705882
1.561251128379126e-17
1.561251128379126e-17
1.561251128379126e-17
1.561251128379126e-17
1.561251128379126e-17
1.561251128379126e-17
-0.037647058823529395
1.561251128379126e-17
1.561251128379126e-17
0.05882352941176477
0.18993621545003544
0.05882352941176477
0.11764705882352941
0.47058823529411764
1.561251128379126e-17
0.1140456182472989
0.2941176470588236
-0.058823529411764705
1.561251128379126e-17
1.561251128379126e-17
0.4869617950272893
0.05882352941176477
0.8106483469300129
0.18125854993160054
1.561251128379126e-17
0.739366515837104
1.561251128379126e-17
0.5294117647058825
0.17647058823529413
0.17647058823529413
0.005347593582887679
0.06393861892583122
0.2941176470588236
0.11764705882352941
0.05882352941176477
0.11764705882352941
1.561251128379126e-17
0.00305576776165009
1.561251128379126e-17
-0.058823529411764705
0.4117647058823529
0.17647058823529418
1.561251128379126e-17
1.561251128379126e-17
1.561251128379126e-17
1.561251128379126e-17
0.11764705882352941
0.05882352941176477
0.05882352941176477
1.561251128379126e-17
0.05882352941176477
0.11764705882352941
1.561251128379126e-17
0.23529411764705882
1.561251128379126e-17
0.05882352941176477
0.5294117647058825
1.561251128379126e-17
0.23529411764705882
0.05882352941176477
1.561251128379126e-17
1.561251128379126e-17
0.4869617950272893
0.7647058823529411
-0.037647058823529395
-0.029814665592264318
0.05882352941176477
0.11764705882352941
1.561251128379126e-17
-0.04524886877828056
1.561251128379126e-17
0.05882352941176477
1.561251128379126e-17
1.561251128379126e-17
0.005347593582887679
1.561251128379126e-17
0.11764705882352941
0.6685796269727403
0.05882352941176477
0.35294117647058826
1.561251128379126e-17
1.561251128379126e-17
0.2941176470588236
1.561251128379126e-17
0.13871817383669882
0.057388809182209434
0.005347593582887679
1.561251128379126e-17
-0.012787723785166254
0.11764705882352941
0.4869617950272893
0.05882352941176477
-0.026737967914438488
0.11764705882352941
1.561251128379126e-17
0.17647058823529413
1.561251128379126e-17
0.23529411764705882
1.561251128379126e-17
0.17647058823529413
1.561251128379126e-17
1.561251128379126e-17
1.561251128379126e-17
1.561251128379126e-17
-0.05176470588235295
0.5294117647058825
0.11764705882352941
1.561251128379126e-17
-0.058823529411764705
0.05882352941176477
-0.037647058823529395
0.23529411764705882
-0.037647058823529395
0.05882352941176477
1.561251128379126e-17
1.561251128379126e-17
0.11764705882352941
0.11764705882352944
1.561251128379126e-17
-0.037647058823529395
1.561251128379126e-17
0.11764705882352941
-0.048442906574394456
0.057388809182209434
1.561251128379126e-17
1.561251128379126e-17
1.561251128379126e-17
0.11764705882352941
1.561251128379126e-17
1.561251128379126e-17
1.561251128379126e-17
0.01680672268907567
0.00305576776165009
0.35947712418300654
1.561251128379126e-17
0.05882352941176477
1.561251128379126e-17
0.2941176470588236
0.00828500414250208
0.11764705882352941
0.05882352941176477
1.561251128379126e-17
1.561251128379126e-17
0.11764705882352941
1.561251128379126e-17
1.561251128379126e-17
0.11764705882352941
0.05882352941176477
-0.058823529411764705
0.35294117647058826
-0.0014174344436569527
0.05882352941176477
1.561251128379126e-17
0.261437908496732
1.561251128379126e-17
0.05882352941176477
0.22011385199240982
-0.048442906574394456
1.561251128379126e-17
0.4117647058823529
-0.037647058823529395
0.11764705882352941
0.47058823529411764
1.561251128379126e-17
1.561251128379126e-17
1.561251128379126e-17
1.561251128379126e-17
1.561251128379126e-17
0.05263157894736842
-0.02857142857142858
0.11764705882352941
1.561251128379126e-17
0.11764705882352941
0.11764705882352941
1.561251128379126e-17
1.561251128379126e-17
1.561251128379126e-17
0.11764705882352944
0.9411764705882353
1.561251128379126e-17
0.8823529411764707
0.173374613003096
0.17647058823529413
0.7455540355677155
1.561251128379126e-17
0.35294117647058826
0.7595345830639949
1.561251128379126e-17
1.561251128379126e-17
0.8758620689655172
0.17647058823529413
1.561251128379126e-17
1.561251128379126e-17
1.561251128379126e-17
1.561251128379126e-17
1.561251128379126e-17
0.09688581314878894
0.5294117647058825
0.11764705882352941
1.561251128379126e-17
0.11764705882352941
0.44062153163152057
0.00828500414250208
0.17647058823529413
1.561251128379126e-17
1.561251128379126e-17
0.057388809182209434
-0.012787723785166254
-0.058823529411764705
1.561251128379126e-17
0.23529411764705882
1.561251128379126e-17
1.561251128379126e-17
-0.02167182662538698
0.057388809182209434
1.561251128379126e-17
0.11764705882352941
1.561251128379126e-17
1.561251128379126e-17
1.561251128379126e-17
0.29411764705882354
1.561251128379126e-17
0.3657542224810717
0.11764705882352941
1.561251128379126e-17
1.561251128379126e-17
1.561251128379126e-17
0.23529411764705882
1.561251128379126e-17
0.16279069767441864
-0.0316742081447964
0.17647058823529413
0.11764705882352941
0.11764705882352941
0.11764705882352941
1.561251128379126e-17
-0.037647058823529395
1.561251128379126e-17
1.561251128379126e-17
0.005347593582887679
-0.032679738562091484
0.23529411764705882
1.561251128379126e-17
0.05882352941176477
1.561251128379126e-17
1.561251128379126e-17
1.561251128379126e-17
0.37433155080213903
0.3925696594427245
0.05882352941176477
0.005347593582887679
1.561251128379126e-17
0.15532055518836754
1.561251128379126e-17
0.37433155080213903
1.561251128379126e-17
1.561251128379126e-17
1.561251128379126e-17
1.561251128379126e-17
1.561251128379126e-17
0.23529411764705882
0.05882352941176477
1.561251128379126e-17
1.561251128379126e-17
0.08235294117647059
0.05882352941176477
0.11764705882352941
-0.050144648023143674
0.05882352941176477
-0.012787723785166254
-0.012787723785166254
1.561251128379126e-17
-0.048442906574394456
0.19872813990461047
0.17647058823529413
1.561251128379126e-17
1.561251128379126e-17
1.561251128379126e-17
0.05882352941176477
1.561251128379126e-17
1.561251128379126e-17
1.561251128379126e-17
0.23529411764705882
1.561251128379126e-17
1.561251128379126e-17
1.561251128379126e-17
0.3925696594427245
1.561251128379126e-17
0.005347593582887679
1.561251128379126e-17
1.561251128379126e-17
0.23529411764705882
0.05882352941176477
1.561251128379126e-17
1.561251128379126e-17
1.561251128379126e-17
1.561251128379126e-17
-0.0014174344436569527
0.05882352941176477
1.561251128379126e-17
0.05882352941176477
0.11764705882352941
0.11764705882352941
1.561251128379126e-17
0.11764705882352941
0.031076581576026625
0.11764705882352944
1.561251128379126e-17
0.05882352941176477
0.05882352941176477
-0.048442906574394456
-0.02167182662538698
0.23529411764705882
0.005347593582887679
0.35294117647058826
0.005347593582887679
0.2941176470588236
1.561251128379126e-17
0.29653505237711514
-0.0316742081447964
0.11764705882352941
1.561251128379126e-17
0.05882352941176477
1.561251128379126e-17
0.2941176470588236
0.005347593582887679
0.05882352941176477
-0.032679738562091484
0.4117647058823529
-0.032679738562091484
1.561251128379126e-17
1.561251128379126e-17
0.11764705882352941
-0.026737967914438488
1.561251128379126e-17
1.561251128379126e-17
1.561251128379126e-17
0.11764705882352941
1.561251128379126e-17
1.561251128379126e-17
1.561251128379126e-17
0.05882352941176477
0.22011385199240982
0.05882352941176477
0.11764705882352941
0.05882352941176477
0.05882352941176477
1.561251128379126e-17
1.561251128379126e-17
0.5983772819472617
1.561251128379126e-17
1.561251128379126e-17
-0.058823529411764705
1.561251128379126e-17
-0.05882352941176471
1.561251128379126e-17
0.5983772819472617
-0.0316742081447964
0.11764705882352941
1.561251128379126e-17
0.05882352941176477
0.17647058823529413
0.05882352941176477
1.561251128379126e-17
0.23529411764705882
1.561251128379126e-17
1.561251128379126e-17
1.561251128379126e-17
-0.058823529411764705
1.561251128379126e-17
-0.037647058823529395
0.173374613003096
-0.04524886877828056
1.561251128379126e-17
0.11764705882352941
1.561251128379126e-17
1.561251128379126e-17
0.0420168067226891
0.17647058823529413
0.05882352941176477
-0.058823529411764705
1.561251128379126e-17
0.23529411764705882
0.05882352941176477
0.4869617950272893
-0.020086083213773327
1.561251128379126e-17
1.561251128379126e-17
0.0
0.29653505237711514
0.05882352941176477
0.05882352941176477
0.11764705882352941
-0.058823529411764705
1.561251128379126e-17
0.11764705882352941
0.11764705882352941
0.35947712418300654
1.561251128379126e-17
-0.05115089514066496
1.561251128379126e-17
0.4117647058823529
0.2941176470588236
1.561251128379126e-17
-0.037647058823529395
1.561251128379126e-17
0.05882352941176477
0.05882352941176477
0.13871817383669882
1.561251128379126e-17
-0.012787723785166254
1.561251128379126e-17
1.561251128379126e-17
1.561251128379126e-17
0.11764705882352941
0.17647058823529413
1.561251128379126e-17
1.561251128379126e-17
1.561251128379126e-17
1.561251128379126e-17
1.561251128379126e-17
0.05882352941176477
0.05882352941176477
0.00828500414250208
0.11764705882352941
-0.058823529411764705
0.11764705882352941
0.29653505237711514
1.561251128379126e-17
1.561251128379126e-17
1.561251128379126e-17
0.5882352941176471
1.561251128379126e-17
0.23529411764705882
1.561251128379126e-17
1.561251128379126e-17
1.561251128379126e-17
0.6470588235294117
1.561251128379126e-17
0.47058823529411764
1.561251128379126e-17
0.23529411764705882
0.05882352941176477
1.561251128379126e-17
1.561251128379126e-17
1.561251128379126e-17
0.05882352941176477
-0.0316742081447964
-0.05176470588235295
1.561251128379126e-17
0.17647058823529413
0.4117647058823529
0.05882352941176477
0.17647058823529413
1.561251128379126e-17
0.5512605042016806
1.561251128379126e-17
1.561251128379126e-17
1.561251128379126e-17
1.561251128379126e-17
1.561251128379126e-17
0.17647058823529413
0.05882352941176477
0.057388809182209434
0.11764705882352941
0.05882352941176477
1.561251128379126e-17
1.561251128379126e-17
1.561251128379126e-17
0.17647058823529418
0.05882352941176477
1.561251128379126e-17
1.561251128379126e-17
0.11764705882352941
0.1140456182472989
0.4453781512605043
1.561251128379126e-17
1.561251128379126e-17
1.561251128379126e-17
0.37433155080213903
0.17647058823529413
1.561251128379126e-17
0.11764705882352941
0.2941176470588236
0.47058823529411764
-0.05176470588235295
0.5882352941176471
1.561251128379126e-17
0.05882352941176477
0.11764705882352941
1.561251128379126e-17
-0.02857142857142858
0.823529411764706
1.561251128379126e-17
1.561251128379126e-17
1.561251128379126e-17
0.05882352941176477
0.23529411764705882
0.05263157894736842
0.17647058823529413
0.11764705882352941
1.561251128379126e-17
0.23438914027149324
0.11764705882352941
1.561251128379126e-17
0.0420168067226891
1.561251128379126e-17
1.561251128379126e-17
0.05882352941176477
0.05882352941176477
1.561251128379126e-17
1.561251128379126e-17
0.35294117647058826
0.05882352941176477
1.561251128379126e-17
-0.037647058823529395
1.561251128379126e-17
0.17647058823529413
1.561251128379126e-17
0.823529411764706
-0.032679738562091484
0.11764705882352941
1.561251128379126e-17
0.23529411764705882
1.561251128379126e-17
1.561251128379126e-17
0.05882352941176477
1.561251128379126e-17
0.031076581576026625
1.561251128379126e-17
0.23529411764705882
1.561251128379126e-17
1.561251128379126e-17
0.23529411764705882
1.561251128379126e-17
1.561251128379126e-17
0.5294117647058825
1.561251128379126e-17
0.35947712418300654
0.23529411764705882
0.1140456182472989
0.8106483469300129
1.561251128379126e-17
