0.000000
0.000000
0.000000
0.117647
0.529412
0.226244
0.117647
0.117647
0.000000
0.058824
-0.058824
0.002262
0.114046
0.000000
0.058824
0.117647
0.176471
0.117647
0.058824
0.235294
0.000000
0.000000
0.000000
0.000000
0.000000
0.000000
0.294118
0.739367
0.058824
0.000000
0.000000
0.000000
0.000000
0.058824
0.000000
0.588235
0.000000
0.647059
0.647059
0.000000
0.000000
0.058824
0.000000
0.000000
0.000000
0.000000
0.882353
0.000000
0.000000
0.411765
0.000000
0.000000
0.000000
0.058824
0.000000
0.359477
0.000000
0.155321
0.000000
0.000000
0.294118
0.176471
0.235294
0.000000
0.294118
0.235294
0.016807
0.235294
0.096886
0.000000
0.176471
0.176471
0.173375
0.117647
0.000000
0.155321
0.117647
0.000000
0.235294
0.000000
0.000000
0.000000
0.000000
0.000000
0.117647
0.176471
0.235294
0.000000
0.162791
0.000000
0.745554
0.764706
0.000000
0.000000
0.000000
0.551261
0.058824
0.941176
0.176471
0.000000
1.000000
0.000000
0.117647
0.000000
0.000000
0.882353
0.000000
0.058824
0.000000
0.082353
0.058824
0.000000
0.000000
0.117647
0.000000
0.117647
0.031077
0.000000
0.173375
0.294118
0.000000
-0.014706
0.000000
0.058824
-0.052122
0.058824
0.058824
0.176471
0.117647
0.000000
0.470588
0.294118
0.000000
-0.048443
0.000000
0.470588
0.000000
0.000000
0.000000
0.000000
0.352941
0.352941
0.352941
0.000000
0.000000
0.000000
0.000000
0.082353
0.000000
0.000000
-0.050145
0.000000
-0.045249
0.000000
-0.037647
-0.048443
0.374332
0.234389
-0.032680
0.176471
0.058824
0.058824
0.000000
0.235294
0.374332
0.173375
0.000000
-0.058824
0.117647
0.000000
0.058824
0.176471
0.058824
0.000000
0.176471
0.294118
0.000000
0.000000
-0.058824
0.176471
0.058824
0.000000
0.176471
0.058824
0.000000
0.000000
0.117647
0.000000
0.588235
0.058824
0.352941
0.000000
0.000000
0.294118
0.235294
0.000000
0.117647
0.058824
0.000000
0.235294
0.000000
0.000000
0.647059
0.176471
0.117647
0.117647
0.000000
0.000000
0.000000
0.000000
0.058824
0.235294
0.000000
0.000000
0.588235
0.058824
0.000000
0.235294
0.000000
0.003056
0.000000
0.173375
0.117647
0.132353
0.360294
0.058824
0.117647
-0.026738
-0.051151
0.117647
-0.026738
0.445378
0.294118
-0.032999
0.000000
0.000000
-0.048443
0.176471
0.235294
0.000000
0.000000
0.470588
0.117647
0.058824
0.326203
0.016807
0.003056
0.252101
0.045752
0.000000
-0.058824
0.070451
0.093306
0.000000
0.000000
-0.058824
-0.026738
0.000000
-0.021672
0.000000
0.093306
0.000000
0.003056
0.261438
0.000000
0.058824
0.000000
0.058824
0.411765
0.058824
0.058824
0.000000
0.031077
0.000000
0.093306
0.000000
0.031077
0.000000
0.294118
0.235294
0.000000
0.000000
0.058824
0.058824
-0.058824
0.000000
-0.052288
0.000000
-0.021672
0.173375
0.031077
0.000000
0.058824
0.000000
0.000000
0.057389
0.326203
0.058824
0.176471
0.528872
-0.029815
0.322845
0.214706
0.598377
0.294118
0.000000
-0.029815
0.000000
0.058824
-0.048443
0.294118
0.117647
0.042017
0.058824
0.176471
0.058824
0.000000
0.000000
0.359477
0.016807
0.000000
0.058824
0.764706
0.058824
0.000000
0.000000
0.875862
0.000000
-0.058824
0.000000
0.000000
0.117647
0.058824
0.058824
-0.037647
0.000000
0.162791
-0.037647
0.117647
0.152941
0.239351
-0.012788
0.151861
0.000000
0.000000
0.000000
0.058824
0.647059
0.176471
-0.037647
0.058824
-0.031674
0.138718
0.000000
-0.058824
0.082353
0.176471
0.000000
0.235294
0.000000
0.294118
0.138718
0.305503
0.000000
0.000000
0.239351
0.176471
0.005348
0.000000
0.000000
0.155321
-0.058824
0.176471
0.000000
0.082353
0.082353
0.117647
0.000000
0.000000
0.117647
0.235294
0.000000
0.000000
0.470588
0.352941
0.000000
0.411765
0.000000
0.000000
0.058824
0.261438
0.058824
0.000000
0.000000
0.052632
0.000000
0.529412
0.423001
0.082353
0.058824
0.392570
0.176471
0.000000
0.588235
0.294118
0.305503
0.423001
0.000000
0.294118
0.000000
0.235294
0.000000
0.000000
0.000000
0.000000
0.000000
0.031077
0.058824
0.235294
0.040830
-0.032680
0.117647
0.000000
0.198728
-0.058824
0.411765
0.000000
0.117647
0.000000
0.058824
0.000000
0.000000
0.000000
-0.058824
0.138718
0.000000
0.000000
0.058824
0.176471
-0.058824
0.941176
0.117647
0.000000
0.000000
0.296535
0.117647
0.058824
0.005348
0.528872
0.326203
0.000000
0.352941
0.000000
0.000000
-0.058824
0.000000
0.294118
-0.050145
0.000000
0.000000
0.411765
0.000000
0.000000
0.235294
0.220114
0.058824
0.000000
0.057389
0.764706
0.000000
0.000000
0.000000
0.352941
0.000000
0.470588
0.058824
0.058824
0.058824
0.058824
0.705882
0.000000
0.000000
0.588235
0.057389
0.423001
0.000000
0.440622
0.000000
0.093306
0.173375
0.176471
0.261438
0.176471
0.000000
0.000000
0.000000
0.058824
0.058824
0.176471
0.588235
0.235294
0.000000
0.058824
0.470588
0.261438
0.003056
0.305503
0.000000
0.647059
0.058824
-0.045249
0.000000
0.235294
0.000000
0.117647
0.000000
0.000000
0.000000
0.810648
0.000000
0.000000
0.058824
0.294118
0.705882
0.117647
0.296535
0.000000
-0.058824
0.082353
-0.045249
-0.037647
0.176471
0.000000
0.000000
0.000000
0.058824
0.138718
0.058824
0.114046
0.117647
0.058824
0.000000
0.680603
0.000000
0.235294
-0.051151
-0.058824
0.002262
0.058824
0.000000
0.000000
0.235294
0.058824
-0.058824
0.294118
0.057389
0.031077
0.000000
0.411765
0.000000
0.235294
0.235294
0.117647
0.000000
0.294118
0.220114
0.155321
0.000000
0.104575
0.117647
0.235294
0.000000
0.235294
0.000000
0.000000
-0.050145
0.528872
-0.021672
0.117647
0.000000
0.000000
0.000000
-0.031674
0.000000
0.000000
0.000000
0.173375
0.058824
0.117647
0.352941
0.052632
0.000000
-0.058824
0.176471
0.000000
0.058824
0.058824
0.000000
0.058824
0.104575
-0.029815
0.235294
0.176471
0.000000
0.239351
0.529412
0.117647
0.117647
0.058824
-0.032999
0.063939
0.235294
0.000000
0.000000
0.000000
0.000000
0.000000
0.173375
-0.016227
0.045752
0.294118
0.000000
0.176471
0.245098
0.220114
0.058824
0.162791
0.290479
0.000000
-0.058824
0.058824
0.000000
0.117647
0.239351
0.745554
0.680603
0.764706
0.058824
0.000000
0.058824
0.000000
-0.048443
0.058824
0.117647
0.705882
0.588235
0.764706
0.000000
0.000000
0.739367
0.359477
0.000000
0.005348
0.000000
0.000000
0.082353
0.411765
-0.058824
0.000000
0.000000
0.000000
0.636722
0.000000
0.411765
0.296535
0.352941
0.294118
0.739367
0.000000
0.000000
-0.048443
0.294118
0.117647
0.411765
0.000000
0.000000
0.117647
0.486962
0.000000
0.000000
0.117647
0.114046
0.000000
-0.021672
0.058824
0.000000
0.359477
0.000000
0.058824
-0.048443
-0.058824
0.000000
0.000000
0.058824
0.000000
0.058824
0.058824
0.235294
0.176471
0.000000
0.058824
-0.048443
-0.052288
0.235294
0.058824
0.176471
0.058824
0.294118
0.176471
0.176471
0.000000
0.234389
0.352941
0.423001
0.000000
0.058824
0.058824
0.305503
-0.058824
0.000000
0.220191
0.000000
0.173375
0.352941
0.235294
0.615825
0.058824
0.058824
0.117647
0.000000
0.000000
0.117647
0.000000
0.000000
0.647059
0.117647
0.058824
0.000000
0.000000
-0.012788
0.058824
-0.037647
0.000000
0.810648
0.000000
0.235294
0.176471
0.000000
0.000000
0.445378
0.000000
0.440622
0.000000
0.000000
0.875862
0.176471
0.000000
0.000000
0.598377
0.000000
0.117647
0.000000
0.000000
0.411765
0.294118
0.764706
-0.032999
0.000000
0.000000
0.000000
0.000000
0.529412
0.000000
0.176471
0.117647
0.000000
0.000000
0.000000
0.000000
0.000000
0.000000
0.823529
0.000000
0.000000
0.764706
0.058824
0.000000
0.000000
0.117647
0.000000
0.000000
0.117647
0.235294
0.058824
0.057389
0.941176
0.470588
0.058824
0.104575
0.093306
0.063939
0.470588
-0.052288
0.058824
0.008285
0.000000
0.176471
-0.050145
0.000000
0.058824
0.000000
0.000000
0.000000
0.680603
0.411765
0.000000
0.057389
0.000000
0.000000
0.000000
0.000000
0.117647
0.528872
0.016807
0.294118
0.000000
0.058824
0.000000
0.104575
0.294118
0.058824
0.000000
0.000000
0.176471
0.294118
0.220114
0.117647
0.000000
0.117647
0.000000
0.518283
0.117647
-0.032680
0.000000
0.029412
0.647059
0.235294
0.117647
0.235294
0.294118
0.000000
0.000000
0.000000
0.000000
0.058824
0.000000
0.000000
0.235294
0.352941
0.058824
0.000000
0.875862
0.117647
0.000000
0.117647
0.000000
0.000000
0.764706
0.000000
0.000000
0.000000
0.000000
0.000000
0.058824
0.534759
0.000000
0.374332
0.470588
0.000000
0.000000
0.000000
0.063939
0.173375
0.000000
0.000000
0.352941
0.058824
0.000000
0.359477
-0.026738
0.000000
0.117647
-0.052122
0.005348
0.058824
0.058824
0.551261
0.176471
0.117647
0.000000
0.058824
0.294118
0.176471
-0.026738
0.529412
0.647059
0.016807
0.000000
0.000000
0.000000
0.104575
0.057389
0.114046
0.029412
0.000000
0.058824
0.000000
0.000000
0.000000
0.005348
0.176471
-0.037647
0.000000
0.058824
0.000000
0.101231
0.000000
-0.052122
0.235294
0.000000
0.000000
-0.048443
0.000000
0.000000
0.000000
0.058824
0.352941
0.117647
0.000000
0.058824
0.058824
0.176471
0.226244
0.058824
0.000000
0.000000
0.882353
0.000000
0.000000
0.000000
0.176471
0.000000
0.058824
0.058824
0.000000
0.005348
-0.048443
-0.058824
0.000000
0.470588
0.261438
-0.037647
0.000000
-0.058824
0.176471
0.000000
0.000000
0.173375
0.235294
0.739367
0.294118
0.745554
-0.037647
0.058824
0.058824
0.411765
0.000000
0.176471
0.000000
0.000000
0.058824
0.000000
0.000000
0.058824
0.000000
0.117647
0.000000
0.000000
0.000000
0.058824
0.294118
0.470588
0.000000
0.000000
0.000000
0.058824
0.000000
0.005348
-0.012788
0.117647
-0.021672
0.176471
0.000000
0.058824
0.058824
0.008285
0.000000
0.294118
-0.021672
0.058824
0.000000
0.000000
0.000000
0.411765
0.117647
0.352941
0.000000
0.000000
0.000000
0.016807
0.176471
0.000000
-0.058824
0.411765
0.294118
0.000000
0.176471
0.000000
0.117647
0.294118
0.176471
0.588235
0.000000
0.058824
0.117647
0.470588
0.000000
0.588235
0.117647
0.392570
0.117647
-0.058824
0.235294
0.000000
0.058824
0.000000
0.000000
0.000000
0.117647
0.000000
0.176471
0.000000
0.423001
0.411765
0.000000
0.000000
0.000000
0.593137
0.000000
0.823529
0.000000
0.176471
0.176471
0.058824
0.058824
0.052632
0.117647
0.549020
-0.037647
0.000000
0.000000
0.057389
0.058824
0.057389
0.058824
0.235294
0.680603
-0.032680
0.000000
-0.052288
0.078431
0.000000
0.000000
0.000000
0.005348
0.000000
0.058824
-0.001417
0.239351
0.176471
-0.029815
0.000000
0.000000
0.000000
0.000000
0.117647
-0.037647
0.058824
0.058824
0.058824
0.000000
0.058824
0.352941
0.176471
0.058824
0.117647
0.000000
0.000000
0.294118
0.000000
0.470588
0.058824
0.005348
-0.037647
0.000000
0.117647
-0.048443
0.000000
0.176471
-0.029815
0.058824
0.470588
0.176471
-0.050145
0.176471
0.058824
0.000000
0.176471
0.529412
0.058824
0.000000
-0.058824
-0.032680
0.235294
0.198728
0.000000
0.352941
0.000000
0.058824
0.000000
0.117647
0.470588
0.352941
0.365754
0.352941
0.117647
0.234389
0.000000
0.000000
-0.045249
0.234389
0.680603
0.235294
0.058824
0.008285
-0.058824
0.008285
0.058824
-0.058824
0.000000
0.000000
0.000000
0.294118
0.470588
0.058824
-0.058824
0.058824
0.000000
0.000000
0.000000
0.063939
0.104575
0.296535
0.176471
0.117647
-0.058824
-0.048443
0.000000
-0.037647
0.000000
0.000000
0.173375
0.176471
0.176471
0.000000
0.058824
-0.037647
0.058824
0.000000
0.588235
0.411765
-0.026738
0.365754
-0.058824
-0.051765
-0.058824
0.117647
0.000000
0.000000
-0.012788
0.058824
0.000000
0.000000
0.000000
0.058824
0.000000
0.764706
0.000000
0.117647
0.294118
0.000000
0.117647
0.138718
0.305503
0.173375
0.294118
0.647059
0.000000
0.486962
0.058824
-0.012788
0.486962
-0.021672
0.305503
0.326203
0.000000
0.235294
0.000000
0.162791
-0.012788
0.117647
0.058824
0.000000
0.000000
0.000000
0.176471
0.823529
0.005348
0.058824
0.080214
0.176471
0.352941
0.000000
-0.058824
0.000000
0.411765
0.117647
-0.001417
0.138718
0.117647
0.000000
0.058824
0.000000
0.000000
0.000000
0.000000
0.042017
-0.052122
0.176471
0.045752
0.000000
0.000000
0.000000
0.352941
-0.012788
0.000000
0.000000
0.016807
0.114046
-0.021672
0.082353
0.117647
0.058824
0.029412
0.000000
0.518283
0.764706
-0.045249
0.294118
0.000000
0.005348
0.352941
0.460208
0.235294
0.486962
0.235294
0.057389
0.000000
0.058824
0.117647
0.058824
-0.037647
0.352941
0.352941
0.000000
0.117647
0.000000
-0.026738
0.176471
0.117647
0.031077
0.460208
0.290479
0.000000
0.000000
-0.021672
0.261438
-0.058824
0.359477
0.374332
0.058824
0.117647
0.000000
0.082353
0.000000
0.000000
0.235294
0.058824
0.176471
0.031077
0.058824
0.411765
0.294118
0.058824
0.058824
0.000000
0.058824
0.114046
0.000000
0.058824
0.155321
0.176471
0.058824
0.117647
0.235294
0.058824
0.235294
0.647059
0.058824
0.000000
0.486962
-0.048443
0.176471
0.000000
0.138718
0.598377
0.058824
0.000000
0.000000
0.000000
0.810648
0.470588
0.000000
0.000000
0.000000
-0.058824
0.000000
0.117647
0.226244
0.000000
0.000000
-0.052288
0.000000
0.000000
-0.048443
0.000000
0.176471
-0.001417
0.647059
0.239351
0.000000
0.000000
0.000000
0.000000
0.000000
0.176471
0.823529
0.058824
0.000000
0.117647
0.117647
0.058824
0.423001
0.176471
0.000000
0.000000
0.000000
0.470588
0.058824
0.235294
0.000000
0.058824
0.058824
0.000000
0.117647
0.234389
0.411765
0.823529
0.176471
0.138718
0.031077
0.058824
0.000000
0.096886
0.000000
0.000000
0.000000
0.764706
0.000000
0.000000
1.000000
0.000000
0.117647
0.000000
-0.058824
0.058824
0.057389
0.058824
0.000000
0.588235
0.470588
0.176471
0.058824
0.411765
0.705882
0.000000
0.000000
0.000000
0.058824
0.000000
0.005348
0.117647
0.058824
0.000000
0.000000
0.000000
0.000000
0.470588
-0.032680
0.529412
0.000000
0.000000
0.005348
0.000000
0.359477
0.294118
0.003056
0.000000
0.057389
0.000000
0.000000
0.000000
0.058824
0.000000
0.058824
0.058824
-0.037647
0.000000
0.058824
0.000000
0.518283
0.042017
0.000000
0.058824
0.359477
0.176471
0.000000
0.000000
0.117647
0.486962
0.411765
0.000000
0.294118
0.423001
0.058824
0.058824
-0.058824
0.000000
0.305503
0.058824
0.005348
0.000000
0.000000
0.000000
-0.058824
-0.031674
0.374332
0.000000
0.058824
0.261438
0.176471
0.000000
0.000000
0.592760
0.647059
0.598377
0.294118
0.000000
0.294118
0.235294
0.235294
0.411765
0.058824
0.000000
0.176471
0.588235
0.093306
0.294118
0.117647
0.000000
-0.051151
0.117647
0.705882
0.235294
0.470588
-0.001417
0.000000
0.052632
0.176471
0.000000
0.000000
-0.012788
-0.058824
0.235294
0.117647
0.411765
0.000000
0.000000
0.000000
0.294118
0.235294
0.352941
0.176471
0.058824
-0.045249
0.176471
0.000000
0.117647
0.058824
0.176471
0.000000
0.000000
0.000000
0.117647
0.352941
0.000000
-0.058824
0.296535
0.086505
-0.058824
0.058824
0.470588
0.445378
0.058824
0.352941
0.764706
0.470588
0.470588
0.045752
0.093306
0.352941
-0.058824
0.000000
0.000000
0.176471
0.235294
0.000000
0.045752
0.294118
0.705882
0.411765
0.000000
0.000000
0.000000
-0.021672
-0.026738
0.000000
-0.058824
0.000000
0.000000
0.000000
-0.058824
-0.048443
0.031077
0.000000
0.063939
0.117647
0.000000
0.000000
0.000000
0.000000
0.000000
0.005348
0.234389
0.058824
0.058824
0.000000
0.000000
0.117647
0.173375
0.198728
0.000000
0.058824
0.000000
0.000000
0.000000
-0.058824
0.000000
0.058824
0.000000
-0.045249
0.000000
0.000000
0.000000
0.000000
0.058824
0.000000
0.423001
0.294118
0.423001
0.000000
-0.029815
0.117647
0.040830
0.000000
0.352941
0.031077
0.117647
0.052632
-0.048443
0.668580
0.000000
0.000000
0.173375
0.000000
0.058824
0.058824
-0.031674
0.000000
0.000000
0.000000
0.529412
0.000000
0.000000
0.000000
0.739367
0.176471
0.647059
0.294118
0.000000
0.000000
0.058824
0.745554
0.810648
0.000000
0.176471
0.058824
0.705882
0.359477
0.198728
0.117647
0.016807
0.058824
0.000000
-0.032680
0.296535
0.411765
0.058824
0.058824
0.117647
0.117647
0.000000
0.176471
0.352941
0.120064
0.294118
-0.050145
0.179550
-0.026738
0.176471
0.445378
0.000000
0.551261
0.058824
0.352941
0.529412
0.000000
0.668580
0.000000
0.000000
0.379085
0.000000
0.000000
0.000000
0.058824
-0.037647
0.117647
0.000000
0.374332
0.058824
0.000000
0.529412
0.000000
0.117647
0.003056
0.000000
0.680603
0.117647
-0.058824
-0.029815
0.176471
0.058824
0.529412
0.411765
1.000000
0.000000
0.058824
-0.045249
0.000000
0.117647
0.000000
0.000000
0.188235
0.235294
0.418301
0.058824
0.117647
0.823529
-0.058824
0.423001
0.117647
0.000000
0.235294
0.117647
-0.052288
0.705882
0.352941
0.058824
0.000000
0.647059
-0.052122
0.029412
0.598377
0.058824
0.058824
0.173375
0.000000
0.000000
0.173375
0.000000
0.117647
0.000000
0.058824
0.058824
0.588235
0.000000
0.528872
0.176471
0.705882
0.294118
0.235294
0.155321
0.117647
0.000000
0.528872
0.176471
0.000000
0.058824
0.058824
0.000000
0.588235
0.117647
0.000000
0.000000
0.352941
0.411765
0.551261
0.176471
0.002262
0.117647
0.117647
0.000000
-0.058824
0.176471
0.000000
0.392570
0.235294
0.000000
0.000000
0.117647
-0.058824
0.058824
0.294118
0.058824
0.005348
0.000000
-0.037647
0.117647
0.810648
0.096886
0.000000
0.058824
0.000000
0.000000
0.114046
0.234389
0.551261
0.460208
0.000000
0.000000
0.470588
-0.052288
-0.031674
0.000000
0.423001
0.000000
-0.021672
0.176471
0.176471
0.000000
0.000000
0.000000
0.000000
0.294118
0.000000
0.000000
0.057389
0.296535
0.000000
0.000000
0.045752
0.000000
0.000000
0.117647
0.176471
0.000000
0.423001
0.117647
0.000000
0.058824
0.000000
0.000000
0.486962
0.529412
0.000000
0.000000
0.000000
0.000000
0.000000
0.647059
0.000000
-0.058824
0.058824
0.176471
0.705882
0.705882
0.647059
0.470588
0.235294
0.235294
0.176471
0.173375
0.764706
0.058824
0.000000
0.000000
0.117647
0.000000
0.000000
0.117647
0.000000
0.000000
0.000000
0.176471
0.000000
0.000000
0.000000
-0.049696
0.058824
0.000000
0.000000
0.000000
0.000000
0.198728
0.000000
0.000000
0.000000
0.000000
0.000000
0.058824
0.235294
0.173375
0.003056
0.058824
0.000000
0.117647
0.117647
0.058824
0.261438
0.016807
0.000000
-0.037647
0.058824
0.000000
0.000000
0.005348
0.460208
0.093306
0.588235
0.235294
0.615825
0.058824
0.058824
0.000000
0.000000
0.058824
0.117647
0.117647
0.000000
0.005348
-0.058824
0.000000
0.058824
0.290479
0.040830
-0.029815
0.000000
0.000000
-0.037647
-0.045249
0.117647
0.000000
0.000000
0.176471
0.058824
0.000000
0.000000
-0.048443
0.058824
0.117647
0.000000
0.000000
0.000000
0.176471
0.058824
0.000000
0.000000
0.000000
0.000000
0.058824
0.058824
-0.058824
-0.029815
0.000000
0.000000
0.000000
0.000000
0.000000
0.000000
0.000000
0.000000
0.005348
0.000000
0.058824
0.005348
0.000000
0.000000
0.000000
0.000000
0.000000
0.486962
0.058824
0.000000
0.235294
0.176471
0.470588
0.058824
0.294118
0.235294
0.058824
0.294118
0.176471
0.058824
-0.052288
0.176471
0.000000
0.058824
0.000000
0.000000
0.000000
0.294118
0.117647
0.470588
0.000000
0.000000
0.000000
0.000000
0.529412
0.176471
0.058824
0.000000
0.000000
0.058824
0.470588
0.000000
0.058824
0.198728
0.326203
0.000000
0.000000
0.000000
0.000000
0.078431
0.668580
0.000000
0.392570
0.529412
0.058824
0.411765
0.470588
0.000000
0.117647
1.000000
0.176471
0.117647
0.176471
0.058824
0.176471
0.000000
0.296535
0.000000
-0.031674
0.000000
0.176471
0.000000
0.176471
0.000000
0.000000
0.261438
0.470588
0.058824
0.000000
0.058824
0.000000
0.261438
0.117647
0.235294
0.117647
0.220114
-0.037647
0.000000
0.068235
0.000000
0.058824
0.176471
0.000000
0.000000
0.411765
0.058824
0.058824
0.000000
0.411765
0.114046
0.352941
0.058824
0.000000
0.705882
0.000000
0.031077
0.261438
-0.032680
0.000000
0.745554
-0.058824
0.352941
0.239351
0.235294
-0.037647
0.000000
0.000000
0.000000
-0.032680
0.058824
-0.058824
0.551261
0.176471
-0.058824
0.058824
0.000000
0.423001
0.000000
0.117647
0.882353
0.294118
0.000000
0.000000
0.176471
0.058824
0.000000
0.176471
0.000000
0.000000
0.058824
0.057389
0.509231
0.235294
0.000000
0.647059
0.000000
0.000000
0.000000
0.000000
0.668580
0.000000
-0.021672
-0.048443
0.000000
0.176471
0.058824
0.296535
0.000000
-0.012788
0.058824
0.058824
0.000000
-0.058824
0.138718
0.215686
0.117647
0.235294
0.000000
0.000000
-0.058824
0.000000
0.173375
0.326203
0.000000
0.000000
0.000000
0.058824
0.000000
-0.045249
0.000000
0.294118
0.000000
0.029412
0.058824
0.058824
0.000000
0.117647
0.176471
0.000000
0.000000
0.002262
0.000000
0.176471
0.005348
0.117647
0.235294
0.058824
0.058824
0.000000
0.000000
0.528872
0.000000
0.000000
0.117647
0.058824
0.176471
0.000000
0.117647
0.000000
0.058824
0.000000
0.764706
0.764706
0.000000
0.114046
0.352941
0.000000
0.647059
0.352941
0.000000
0.000000
-0.029815
0.058824
0.058824
0.000000
0.000000
0.117647
0.117647
0.941176
0.000000
0.058824
0.000000
0.000000
0.000000
0.000000
0.647059
0.294118
0.000000
0.117647
0.058824
0.000000
0.058824
0.000000
0.352941
0.000000
0.000000
0.000000
0.176471
0.000000
0.941176
0.000000
0.823529
0.000000
0.764706
0.647059
0.588235
0.941176
0.000000
0.058824
0.705882
-0.058824
0.294118
0.470588
0.000000
0.117647
0.470588
0.173375
0.810648
0.000000
0.000000
0.000000
0.000000
0.117647
0.000000
0.058824
0.000000
0.000000
0.235294
0.176471
0.000000
0.705882
0.176471
0.058824
1.000000
0.058824
0.058824
0.000000
0.000000
0.173375
0.117647
0.352941
0.000000
0.117647
0.823529
0.000000
0.000000
0.810648
0.882353
0.176471
0.296535
0.117647
0.198728
0.117647
0.117647
0.411765
0.000000
0.058824
0.588235
0.058824
0.176471
-0.021672
0.588235
0.058824
0.411765
0.294118
0.518283
0.058824
0.000000
0.000000
0.000000
0.374332
0.882353
0.000000
0.057389
0.058824
0.352941
0.117647
0.000000
0.058824
0.058824
0.411765
0.000000
0.941176
-0.037647
0.117647
0.000000
0.176471
0.058824
0.058824
0.000000
0.000000
0.058824
0.117647
0.000000
0.235294
0.117647
0.000000
0.615825
0.000000
0.000000
0.058824
0.082353
-0.037647
0.000000
0.000000
0.000000
0.518283
0.000000
0.008285
0.518283
-0.058824
0.000000
0.294118
0.176471
0.058824
0.000000
0.058824
0.294118
0.082353
0.117647
0.000000
0.058824
0.058824
0.000000
0.000000
0.176471
-0.052288
0.058824
0.058824
0.058824
0.000000
0.117647
0.359477
0.470588
0.117647
0.058824
-0.048443
-0.048443
0.000000
0.000000
0.000000
0.117647
0.117647
0.705882
0.117647
0.058824
0.294118
0.117647
0.082353
0.058824
0.000000
0.000000
0.000000
0.294118
0.000000
0.470588
0.000000
0.058824
0.117647
0.117647
0.000000
0.000000
0.000000
0.058824
0.052632
0.058824
0.000000
0.058824
0.058824
0.000000
0.352941
0.470588
0.058824
0.000000
-0.031674
0.117647
0.941176
0.705882
0.470588
0.176471
0.176471
0.117647
0.000000
0.000000
0.058824
0.000000
0.058824
0.000000
0.000000
0.261438
0.093306
0.117647
0.000000
0.000000
0.058824
0.294118
1.000000
0.117647
0.000000
0.058824
0.000000
0.411765
0.294118
-0.058824
-0.052288
0.000000
0.000000
0.235294
0.000000
0.588235
0.588235
0.551261
0.000000
0.000000
0.445378
0.176471
0.294118
0.176471
0.117647
0.000000
0.058824
0.000000
0.000000
