0.11764705882352941
0.32620320855614976
0.031076581576026625
0.8823529411764707
0
0
0
0.05882352941176477
0.17647058823529413
0
0
0
0.005347593582887679
0.5294117647058825
0.17647058823529413
0
0.11764705882352941
0.29653505237711514
0
0
0.11764705882352941
0
0.05882352941176477
0
0.47058823529411764
0.32620320855614976
0
0.11764705882352941
0
0
0.823529411764706
0
0.11764705882352941
0
0.05882352941176477
0
0.11764705882352941
0.11764705882352941
0.05882352941176477
0.23529411764705882
0.2941176470588236
0.05882352941176477
0
0
0.23529411764705882
0
0.47058823529411764
0
0.7647058823529411
0.05882352941176477
0
0.11764705882352941
0.17647058823529413
0.11764705882352941
0.7058823529411764
0
0.2941176470588236
0
0
0
0.05882352941176477
0.05882352941176477
0.05882352941176477
0.9411764705882353
0.23529411764705882
0
0.11764705882352941
0.23529411764705882
0.5294117647058825
0.05882352941176477
0.4869617950272893
0
0.23529411764705882
0.7647058823529411
0.23529411764705882
0.17647058823529413
-0.05882352941176471
0.05882352941176477
0
0
0.17647058823529413
0
0.11764705882352941
0.11764705882352941
0
0.17647058823529413
0
0.05882352941176477
0
0
0
0.47058823529411764
0
0
0.7058823529411764
0
0.35294117647058826
0
0
0.823529411764706
0.05882352941176477
0.2904790782292298
0.06393861892583122
0.23438914027149324
0.2941176470588236
-0.058823529411764705
0.05882352941176477
0
0.11764705882352941
0
0.057388809182209434
0
0.11764705882352941
0.11764705882352941
0.6158250910983862
0.47058823529411764
0
-0.058823529411764705
0.2941176470588236
0.6685796269727403
-0.058823529411764705
0
0
-0.05212211466865228
0.0420168067226891
0
0.8106483469300129
0.23529411764705882
0
0.35294117647058826
0.4117647058823529
0
0
0.11764705882352944
0.05882352941176477
0
0
0
0
0.11764705882352941
0.05882352941176477
-0.012787723785166254
-0.037647058823529395
0.11764705882352944
0
0
0.05882352941176477
-0.037647058823529395
0.23438914027149324
-0.058823529411764705
0.4117647058823529
0.2941176470588236
0.05882352941176477
0.005347593582887679
-0.0522875816993464
0.05882352941176477
-0.04524886877828056
0
0.05882352941176477
0
0
0.01680672268907567
0.5294117647058825
0
0
0
0
0
0.5294117647058825
0.05882352941176477
0
-0.058823529411764705
0.05882352941176477
0
0
0.7058823529411764
0
0.17647058823529413
0
0.5882352941176471
0
0
0
0.7058823529411764
0
0
0.7455540355677155
0.05882352941176477
0
0.11764705882352941
0.47058823529411764
0.05882352941176477
0
0.05882352941176477
-0.037647058823529395
0.05882352941176477
0
0.4117647058823529
0.057388809182209434
0.11764705882352941
0.005347593582887679
0.35294117647058826
0.29653505237711514
0
0.35294117647058826
0.05882352941176477
-0.037647058823529395
0.005347593582887679
0.11764705882352941
0.17647058823529413
0.5983772819472617
0.11764705882352941
0.11764705882352941
-0.04524886877828056
-0.037647058823529395
0
0
0.6685796269727403
0
0.11764705882352941
-0.058823529411764705
0
-0.058823529411764705
0.05882352941176477
0
0
0
0
0.5294117647058825
0
0
0.9411764705882353
0.05882352941176477
0.05882352941176477
0.6158250910983862
0
0.6470588235294117
0.2941176470588236
0
0.823529411764706
0.11764705882352941
0.05882352941176477
0.173374613003096
0
0.23529411764705882
0.11764705882352941
0
0
0.11764705882352941
0.005347593582887679
0
0.35294117647058826
0.11764705882352941
0
0.11764705882352941
0.11764705882352941
0
0.17647058823529413
0
0.23529411764705882
0
0
0
0.11764705882352941
0
0.3657542224810717
0
0.46020761245674746
0
0.4117647058823529
0.05882352941176477
0.05882352941176477
0
0.17647058823529413
0
0.05882352941176477
0
0
0.057388809182209434
-0.037647058823529395
0.11764705882352941
0
0
0.05882352941176477
0.47058823529411764
0.35947712418300654
0.6158250910983862
0.05882352941176477
0
0
0
0
0.11764705882352941
0
0.32620320855614976
0.06393861892583122
0
0.47058823529411764
0.7058823529411764
0.6470588235294117
0.4230006609385327
0
-0.012787723785166254
0
0.17647058823529413
0.23529411764705882
-0.037647058823529395
0.11764705882352944
0.35294117647058826
0.005347593582887679
0.05882352941176477
0
0
0
0
0.47058823529411764
0.05882352941176477
-0.058823529411764705
0.2941176470588236
0.05882352941176477
0
0.5882352941176471
0
0
0.005347593582887679
0
0
0.05882352941176477
0.5294117647058825
0
0.11764705882352941
0
0.05882352941176477
0
0
0
0.2941176470588236
0.4117647058823529
0.05882352941176477
0
0.2941176470588236
0
0.11764705882352941
0
0
0
0.05882352941176477
-0.037647058823529395
0
0.17647058823529413
0.17647058823529413
0.05882352941176477
0
0
0.23529411764705882
0
0
0
0
0.11764705882352941
0
0.5294117647058825
0
0.05882352941176477
0.05882352941176477
-0.04524886877828056
-0.012787723785166254
0.23529411764705882
0
0
0.5512605042016806
0
0
0.05882352941176477
0.05882352941176477
0
0
0.1140456182472989
0
0.05882352941176477
0
0.05882352941176477
0
0.05882352941176477
0
-0.058823529411764705
-0.029814665592264318
0
0
0
0
0.05882352941176477
0.11764705882352944
0.13871817383669882
-0.058823529411764705
0
0.05882352941176477
0.11764705882352941
0.35294117647058826
0
0
0
0.05882352941176477
0
0.05882352941176477
0
0
0
0.05882352941176477
0
0
0.05882352941176477
0
0
0.05882352941176477
0
-0.058823529411764705
0
0
0
0
0.35294117647058826
0.05882352941176477
-0.058823529411764705
0.05882352941176477
0
0
0.08235294117647059
0
0.05882352941176477
0.05882352941176477
0
0.05882352941176477
0
0.00305576776165009
0.17647058823529413
0.4230006609385327
0.10457516339869283
0.3925696594427245
0.4117647058823529
0
-0.058823529411764705
0.23529411764705882
0.11764705882352941
0.37433155080213903
0.05882352941176477
0.11764705882352941
0
-0.05212211466865228
0
0.35294117647058826
0
0.05882352941176477
0
0
0.11764705882352941
0.35294117647058826
-0.012787723785166254
0
0.17647058823529413
0.05882352941176477
0.2941176470588236
0.2941176470588236
-0.048442906574394456
0
0
0.5882352941176471
0
0
0.3925696594427245
0.11764705882352941
0
-0.058823529411764705
0.00305576776165009
0
-0.05882352941176471
0
0.23529411764705882
-0.0522875816993464
0
0
0
-0.058823529411764705
0.17647058823529413
0
0
0
0.11764705882352941
-0.037647058823529395
0
0
0.08235294117647059
0.17647058823529413
0
0
0.05882352941176477
0.005347593582887679
-0.058823529411764705
0
0.261437908496732
-0.012787723785166254
0.23529411764705882
-0.026737967914438488
0
0
0.05882352941176477
0.11764705882352941
-0.012787723785166254
0.06393861892583122
0
0.05882352941176477
0.05882352941176477
0.06393861892583122
0
0
0.35947712418300654
0.17647058823529413
0
0
0.11764705882352941
0
0.5294117647058825
-0.058823529411764705
0.7058823529411764
0.05882352941176477
0
0
0
0
0
0.7647058823529411
0.05882352941176477
0
0
0
0
-0.058823529411764705
-0.058823529411764705
0
0
0.05882352941176477
0.17647058823529413
0
0.23529411764705882
0
0.05882352941176477
0.23438914027149324
0.05882352941176477
0.05882352941176477
0.11764705882352941
0.2941176470588236
0.05882352941176477
0
0.05882352941176477
0.35947712418300654
-0.026737967914438488
0.47058823529411764
0.2904790782292298
0
0.35294117647058826
0
0
0.05882352941176477
0
0
0.17647058823529413
0.057388809182209434
0.261437908496732
0
0.11764705882352941
0
0.4117647058823529
-0.04524886877828056
0
0.11764705882352941
0.0933062880324544
-0.05882352941176471
0
0.057388809182209434
0.11764705882352941
0.05882352941176477
0
0.261437908496732
0.17647058823529413
0.005347593582887679
0.17647058823529413
0
0.05882352941176477
-0.058823529411764705
0.17647058823529413
0
-0.032679738562091484
0.05882352941176477
0
-0.058823529411764705
0
0
0.46020761245674746
0.11764705882352941
0
0.17647058823529413
0.0457516339869281
0
0.05882352941176477
0.5294117647058825
0.17647058823529413
0.17647058823529413
0
0.29653505237711514
0.05882352941176477
0
0
0
0.823529411764706
0.4869617950272893
0
0
0.05882352941176477
0.05882352941176477
0.11764705882352941
0.05882352941176477
0.11764705882352941
0.09688581314878894
0
0
0.11764705882352941
0
0
0.005347593582887679
0.2941176470588236
0
0.16279069767441864
0.01680672268907567
0
0.17647058823529413
0.05882352941176477
0
0
0
0
0.11764705882352941
0.4117647058823529
0.6158250910983862
0
0
0.11764705882352941
-0.012787723785166254
0.7058823529411764
0
0.11764705882352941
0.05882352941176477
0.005347593582887679
0.005347593582887679
0
0
0
-0.029814665592264318
0.05882352941176477
0.35947712418300654
0.23529411764705882
0
0
0
0.17647058823529413
0.05882352941176477
-0.05176470588235295
-0.058823529411764705
0
0.05882352941176477
0.00828500414250208
0.32620320855614976
0.17647058823529418
0.05882352941176477
0.05882352941176477
0
0.23529411764705882
0.6806028196402527
0.05882352941176477
0
-0.04524886877828056
0.11764705882352941
0.11764705882352941
0.05882352941176477
0
0.15294117647058822
-0.0316742081447964
0
0
0.01680672268907567
0
0.05882352941176477
0.47058823529411764
0
0
0
0
-0.037647058823529395
0
0
0.5882352941176471
0.11764705882352941
-0.037647058823529395
0.3055028462998104
0
-0.058823529411764705
0.35947712418300654
0
0
0.2941176470588236
0.5512605042016806
0
0.05882352941176477
0.05882352941176477
0.05882352941176477
0.17647058823529413
0.2941176470588236
0.6158250910983862
0.2941176470588236
0
0.23529411764705882
0
0.23529411764705882
0
0
0
0
0
0
0.11764705882352941
0
0.6158250910983862
0.46020761245674746
0
0
0.5882352941176471
0.2941176470588236
-0.037647058823529395
0.5882352941176471
0
0
-0.037647058823529395
0.05882352941176477
0
0.35294117647058826
0.17647058823529413
0
0
0
0
0.4230006609385327
0.23529411764705882
0.35294117647058826
-0.037647058823529395
0.17647058823529413
0.11764705882352941
0
-0.05176470588235295
0.05882352941176477
0.05882352941176477
0.05882352941176477
0.11764705882352944
0
0.35294117647058826
0.15294117647058822
0.35294117647058826
0.05882352941176477
0.11764705882352941
0
0.2941176470588236
0
0
0.05882352941176477
0
0
-0.058823529411764705
0
0.5882352941176471
0
0
0
0
0.11764705882352941
0.7058823529411764
0.05882352941176477
0.05882352941176477
0
0.05882352941176477
0.11764705882352941
0
0
0
0
0
0
-0.032679738562091484
-0.0014174344436569527
0.22624434389140283
0.05882352941176477
0
0
0
0.11764705882352941
0
0.05882352941176477
0.17647058823529413
0.05882352941176477
0
0.17647058823529413
0.4117647058823529
0
0.05882352941176477
0.11764705882352941
0
0.35294117647058826
0.1140456182472989
0.29653505237711514
0.5882352941176471
0.17647058823529413
-0.037647058823529395
0
0.17647058823529413
0.05882352941176477
0
0
0
0.17647058823529413
0
0
0.7058823529411764
0.35294117647058826
0.23529411764705882
0
0.4117647058823529
-0.037647058823529395
0
0
0.05882352941176477
0
0.17647058823529413
0.4117647058823529
0.23529411764705882
0
0
0
0.05882352941176477
0
0
0.2941176470588236
0.05882352941176477
0
0
0.005347593582887679
0
0.05882352941176477
0.05882352941176477
0.2941176470588236
0.23529411764705882
0.1140456182472989
0
0.11764705882352941
0.11764705882352941
0.11764705882352941
0.4117647058823529
0
0.05882352941176477
-0.037647058823529395
0
0.08235294117647059
0
0
0
0.05882352941176477
0
0
0
-0.048442906574394456
0.1140456182472989
0.05882352941176477
0
-0.05882352941176471
-0.058823529411764705
0
0
0.2941176470588236
0.05882352941176477
0
0.6806028196402527
0
0.05882352941176477
0
0
0
0.05882352941176477
0
0
0.05882352941176477
0.05882352941176477
0.17647058823529413
0.17647058823529413
0
0
0
0.6470588235294117
0
0
0
0
-0.058823529411764705
0
-0.0522875816993464
0
0
0.05882352941176477
0.05882352941176477
0
0
0
0
0.05263157894736842
0.05882352941176477
0.01680672268907567
0
0
0.17647058823529413
0.057388809182209434
0.005347593582887679
0.05882352941176477
0
0.05882352941176477
0.5882352941176471
0.05882352941176477
0
0.23529411764705882
0
0
0.08235294117647059
0.1140456182472989
0
0
0
0
0
0.11764705882352941
0
0.11764705882352941
0
0.7058823529411764
0
0
0.17647058823529413
-0.037647058823529395
0.05882352941176477
0.17647058823529413
-0.032679738562091484
0.057388809182209434
-0.037647058823529395
0.05882352941176477
-0.058823529411764705
0
0.17647058823529413
0
0.05882352941176477
0
0
0
0.11764705882352941
0
0.4230006609385327
0
0
0
0
-0.058823529411764705
0.05882352941176477
0.05263157894736842
0
0
0.2941176470588236
0
0
0.05882352941176477
0.17647058823529413
0
0.2941176470588236
0
0.05882352941176477
0.05882352941176477
0.261437908496732
0
0.05882352941176477
-0.058823529411764705
0
0.17647058823529413
0.05882352941176477
0
0.05882352941176477
-0.05882352941176471
0
0
0
0
0.05263157894736842
0
0.11764705882352941
0.11764705882352941
0.05882352941176477
0.05882352941176477
0
0.19872813990461047
0
0
0
0
0.5294117647058825
0
0
-0.02167182662538698
0.11764705882352941
0.23529411764705882
0.6470588235294117
0.05882352941176477
0
0.17647058823529413
0
0
0.05882352941176477
0
0.823529411764706
0.35294117647058826
0
0
0.23529411764705882
0
0
-0.048442906574394456
0.29653505237711514
0.23529411764705882
0
0.37433155080213903
0.005347593582887679
0
0.13871817383669882
0
0.05882352941176477
0
-0.012787723785166254
0
0
0
0.11764705882352941
0.05882352941176477
-0.037647058823529395
0
0
0.05882352941176477
0.19872813990461047
0.7455540355677155
0.23529411764705882
-0.050144648023143674
0
0.2941176470588236
0
0.23438914027149324
0.17647058823529413
0
0
0.0420168067226891
0
0.8823529411764707
-0.058823529411764705
0.005347593582887679
0
0
0
0.23935091277890475
0
0.4117647058823529
0.11764705882352941
0.35294117647058826
0.11764705882352941
0.05882352941176477
0
0.05882352941176477
0.00305576776165009
0
0.05882352941176477
0.05882352941176477
0
0
0
0.17647058823529413
0
0
0
0.11764705882352941
0.0933062880324544
0
0
0.05882352941176477
-0.058823529411764705
0
0.031076581576026625
0.05882352941176477
-0.02167182662538698
0
0.5882352941176471
0
0
0
0.057388809182209434
0
0.05882352941176477
0
0
0.2941176470588236
0.2941176470588236
0.3925696594427245
0
0.05882352941176477
0
0.17647058823529418
0
0
0.35294117647058826
0
0.6158250910983862
0.4117647058823529
0.05882352941176477
0.05882352941176477
0
0
0
0.8106483469300129
0
0
0.05882352941176477
0.3925696594427245
0.05882352941176477
0
0.11764705882352941
0
0.057388809182209434
0.11764705882352941
-0.058823529411764705
0.5182829888712243
0
-0.012787723785166254
0
-0.050144648023143674
0.11764705882352941
0
0
0
-0.05882352941176471
0
0.23529411764705882
0.05882352941176477
0
0.11764705882352941
0
0.11764705882352941
0
0.17647058823529413
0.23529411764705882
-0.05882352941176471
0.05263157894736842
0.17647058823529418
0.23529411764705882
0.23529411764705882
0.23529411764705882
-0.029814665592264318
0.11764705882352944
0.057388809182209434
0.17647058823529413
0
0.17647058823529413
0.05882352941176477
0
0.23529411764705882
0
0.05882352941176477
0
0
0.47058823529411764
0
0.7647058823529411
0
0
0.11764705882352941
0.05882352941176477
0.1140456182472989
0.2941176470588236
0
0
0.35294117647058826
0.11764705882352941
0.4230006609385327
0
-0.04524886877828056
0
0
0.05882352941176477
0.2904790782292298
0
0.05882352941176477
0
0.05882352941176477
0.23529411764705882
0
0.057388809182209434
0
0.11764705882352941
0.05882352941176477
0
0.05882352941176477
0.05882352941176477
0.11764705882352941
0.35294117647058826
0
-0.037647058823529395
0.05882352941176477
0.2941176470588236
0.05882352941176477
0
0.11764705882352941
0
0.5294117647058825
0
0
0
0
0.05882352941176477
0
0
0
-0.037647058823529395
0.11764705882352941
0
-0.029814665592264318
0
0
0
0.11764705882352941
0.17647058823529413
0.05882352941176477
0
0.7647058823529411
0.05882352941176477
-0.058823529411764705
0
0.05882352941176477
-0.04524886877828056
0.05882352941176477
0
0.16279069767441864
0
0
0.11764705882352941
0
0
-0.012787723785166254
0.005347593582887679
0.5512605042016806
0.05882352941176477
0
0.11764705882352941
0.05882352941176477
0
0
0.05882352941176477
0
0.23529411764705882
0
0.7058823529411764
0.5512605042016806
0
0
0.05882352941176477
0.23529411764705882
0.05882352941176477
0
0.05882352941176477
0
0
0.057388809182209434
0
0.6158250910983862
0
0.4453781512605043
0.05882352941176477
0
0.47058823529411764
0.057388809182209434
0
0.5288720992984349
-0.05115089514066496
0
0
0
0
0
0.05882352941176477
0.05882352941176477
0
0
0
0
0.17647058823529413
0.05882352941176477
0.005347593582887679
0
0.05882352941176477
-0.029814665592264318
0
-0.02167182662538698
-0.048442906574394456
0.057388809182209434
0.05882352941176477
0
0.08235294117647059
0.05882352941176477
0
0.4117647058823529
0.11764705882352941
0
0.2941176470588236
0.5882352941176471
0.05882352941176477
0
0.005347593582887679
0
0.4117647058823529
0.23529411764705882
-0.032679738562091484
-0.05115089514066496
0.05882352941176477
0.1140456182472989
0
0
0.05882352941176477
0
0.11764705882352941
0.05882352941176477
0.6158250910983862
0.823529411764706
0
0
0.05882352941176477
0
0
0.17647058823529413
0
0.05882352941176477
0
0.05882352941176477
0
0
0.7647058823529411
0.2941176470588236
0
-0.058823529411764705
0
0.32620320855614976
0.22011385199240982
0
0.23529411764705882
0.05882352941176477
0
-0.05176470588235295
0
0.05882352941176477
0.05882352941176477
-0.058823529411764705
0
0.11764705882352941
0
0
0
0
0.0457516339869281
0.0420168067226891
0.05882352941176477
0.2941176470588236
0.23529411764705882
-0.026737967914438488
0
0.05882352941176477
-0.029814665592264318
0
0
0
0
0
0
0
0.11764705882352941
0.11764705882352941
0
0
0
0
-0.048442906574394456
0
0
0
0
0
0.11764705882352941
0
0.11764705882352941
0
0
0
0
0
0.05882352941176477
0.05882352941176477
0
0.05882352941176477
0
0.11764705882352941
0
0.11764705882352941
0
0
0.17647058823529413
0
-0.04524886877828056
0
0
0
0.2941176470588236
0.23529411764705882
0.4117647058823529
0.3055028462998104
0.05882352941176477
0.11764705882352941
0.05882352941176477
0
0
0
0.4117647058823529
0.057388809182209434
0.11764705882352941
0.05882352941176477
0
0.6470588235294117
0.05882352941176477
0.5182829888712243
0.17647058823529413
0
0.11764705882352941
0
0.37433155080213903
0
0.11764705882352941
0
-0.012787723785166254
0
0.11764705882352941
0
0.32620320855614976
0.15532055518836754
0
0.05882352941176477
0.22011385199240982
0
-0.05882352941176471
0
0.173374613003096
0.23529411764705882
0.19872813990461047
0
0.1140456182472989
0.35947712418300654
0
0.05882352941176477
0
-0.058823529411764705
0.173374613003096
0
-0.032679738562091484
0.11764705882352941
0.11764705882352941
0.11764705882352941
0
0
-0.05176470588235295
-0.0522875816993464
0
0
0.06393861892583122
0
0
0.005347593582887679
0
0
0.05882352941176477
0
0
0
0.17647058823529413
0.23529411764705882
0
0.2941176470588236
0.11764705882352941
0.17647058823529413
0.7058823529411764
0.05882352941176477
0.22624434389140283
0.05882352941176477
0.4230006609385327
0
0.7455540355677155
0
0.05882352941176477
-0.058823529411764705
0.11764705882352941
0.23529411764705882
0
0.2941176470588236
0
0
-0.0014174344436569527
0.05882352941176477
0
-0.058823529411764705
0
-0.05212211466865228
0.173374613003096
-0.02167182662538698
0.05882352941176477
0
0
0
0
0
0
0
0.031076581576026625
0.05882352941176477
0.17647058823529413
0.47058823529411764
0
0
0
0.47058823529411764
0.17647058823529413
0.4117647058823529
0
0.031076581576026625
0
-0.04524886877828056
0.17647058823529413
0
0.031076581576026625
0
0
0.13871817383669882
0.05882352941176477
0
0.11764705882352941
0.05882352941176477
0.11764705882352941
0.05882352941176477
0
0
0
0
0
0
0
0.17647058823529413
0
0.35294117647058826
0.5882352941176471
0.11764705882352941
0
0.05882352941176477
0
0
0.11764705882352941
0
0.05882352941176477
0
0
0
0
0.05882352941176477
0.05882352941176477
0
0.4117647058823529
0
0
0
0.05882352941176477
0.23529411764705882
0.11764705882352941
-0.058823529411764705
0
0.05882352941176477
0.05882352941176477
0
0
0.05882352941176477
0
0
0.08235294117647059
0
0.5882352941176471
0.05882352941176477
0.23529411764705882
0
0
0.11764705882352941
0.05882352941176477
0
0.9411764705882353
0
0.17647058823529413
0.05882352941176477
0
0
0
0
0.7455540355677155
0.23529411764705882
0
0.6470588235294117
0.7058823529411764
0.5882352941176471
0
0.823529411764706
0.173374613003096
0
0
-0.037647058823529395
0
0
0
0.05882352941176477
-0.050144648023143674
0
0
0.47058823529411764
0
0
0
0
0.05882352941176477
0.05882352941176477
0.47058823529411764
0
0.823529411764706
0.05882352941176477
0
0
0.47058823529411764
0.7647058823529411
0
0
0.05882352941176477
0.05882352941176477
0.5882352941176471
0
0.4230006609385327
0
0.4453781512605043
0.05882352941176477
0
0.17647058823529413
0
0
0
0
0
0.35294117647058826
0
0
0
0
0
0
-0.012787723785166254
0
0
0.05882352941176477
0.05882352941176477
0.16279069767441864
0
-0.037647058823529395
0.05882352941176477
0.05882352941176477
0
0
0.05882352941176477
0
0.2941176470588236
0
0.4230006609385327
0
0.11764705882352941
0
0.05882352941176477
0
0.2941176470588236
0
0.23529411764705882
0
0.2941176470588236
0
0.35294117647058826
0
0
0
0.6685796269727403
0
0.47058823529411764
0.4117647058823529
0.05882352941176477
-0.048442906574394456
0
0.05882352941176477
0
0.4117647058823529
0.23529411764705882
0
0
0.05882352941176477
0
0.05882352941176477
0.3055028462998104
0.11764705882352941
0.05882352941176477
0.005347593582887679
0.1140456182472989
0
0
0
0.05882352941176477
0
0.11764705882352941
0.057388809182209434
0.05882352941176477
0.05882352941176477
0.17647058823529413
0.7058823529411764
0
0
0.5294117647058825
0.5294117647058825
0.11764705882352941
0.5512605042016806
0.00305576776165009
0
0
0.11764705882352941
0.8106483469300129
0
0.6685796269727403
0.11764705882352941
0
0
0
0.11764705882352941
-0.058823529411764705
0.5882352941176471
0
0
0.17647058823529413
0
0.6685796269727403
0.2941176470588236
0.739366515837104
0.05882352941176477
0
0.6685796269727403
0.11764705882352941
0
0
-0.037647058823529395
0.17647058823529413
-0.04524886877828056
0.739366515837104
0.05882352941176477
0
0
0
0.11764705882352941
0.6806028196402527
0.11764705882352941
0
0.05882352941176477
0
0
0.05882352941176477
0
0.05882352941176477
0.4117647058823529
0.11764705882352941
0.4230006609385327
0.4117647058823529
0
0.2941176470588236
0
0
0
0.32620320855614976
0
0
0
0.2941176470588236
0
0.05882352941176477
0
-0.037647058823529395
0
0
0
0.8823529411764707
0
0.6685796269727403
0.17647058823529413
0.11764705882352941
0
0.05882352941176477
-0.037647058823529395
0
0
0.5288720992984349
0.6158250910983862
0.3055028462998104
0.05882352941176477
0.11764705882352944
0.11764705882352941
0
-0.029814665592264318
0
0
-0.05882352941176471
0
0
0
0.3925696594427245
0.11764705882352941
-0.02167182662538698
0.05882352941176477
0
0
0
0
0.17647058823529413
0
0
0
0
0.05882352941176477
0
0.29653505237711514
0.4117647058823529
0.29653505237711514
0.4117647058823529
-0.05882352941176471
-0.037647058823529395
0.47058823529411764
0
-0.058823529411764705
0.005347593582887679
0
0.23529411764705882
0
0.4117647058823529
0.2941176470588236
0.35947712418300654
0.05882352941176477
0.3055028462998104
0
0
0.2941176470588236
0.11764705882352941
0
0
0
0
0
0
0.05882352941176477
0
0.11764705882352941
0
0.11764705882352941
0
0
0.05882352941176477
0.05882352941176477
0
0
0.05882352941176477
-0.05115089514066496
0
0
0.05882352941176477
-0.058823529411764705
0.05882352941176477
0.05882352941176477
0.5294117647058825
0.05882352941176477
0
0
-0.058823529411764705
0.17647058823529413
0.261437908496732
0.16279069767441864
-0.02167182662538698
0.15532055518836754
0
0
0
0
0
0.005347593582887679
0
0
0.23529411764705882
0.11764705882352941
0
0.0933062880324544
0.08235294117647059
0
0.05882352941176477
0
0.1140456182472989
0.23529411764705882
0.11764705882352941
0.005347593582887679
0
0.05882352941176477
-0.037647058823529395
0.031076581576026625
0.05882352941176477
0
0
0.47058823529411764
0
0
0
0.22624434389140283
0
0
0
0
0.08235294117647059
0.17647058823529413
0.05882352941176477
0.5288720992984349
0.05882352941176477
0
0
0
0.005347593582887679
-0.048442906574394456
0
0
0.23529411764705882
0.5294117647058825
0
0.5288720992984349
0.47058823529411764
0
0
0.0420168067226891
0
0
0
0.05882352941176477
0.031076581576026625
0
0.5182829888712243
0
0
0.05882352941176477
0
0.5288720992984349
0
0.22011385199240982
0.08235294117647059
0.031076581576026625
0
0
-0.02167182662538698
0
-0.058823529411764705
0.17647058823529413
0
0.05882352941176477
0.23935091277890475
0.6470588235294117
0.05882352941176477
0.057388809182209434
0.23529411764705882
0.05882352941176477
0.23529411764705882
0.05882352941176477
0
-0.058823529411764705
0
0
0
-0.012787723785166254
0.5288720992984349
0.17647058823529418
0.05882352941176477
0
0.11764705882352941
0.05882352941176477
0.11764705882352941
0.261437908496732
0.1140456182472989
0.5983772819472617
0
0.11764705882352941
0.17647058823529418
0
0.6158250910983862
0.01680672268907567
-0.037647058823529395
0
0.05882352941176477
0.05882352941176477
0.05882352941176477
0.35294117647058826
0.3657542224810717
0.6685796269727403
0
0
0.17647058823529413
0.23529411764705882
-0.032679738562091484
0
0.23529411764705882
0.05882352941176477
0
0.23438914027149324
0.005347593582887679
0.7647058823529411
0
0.2941176470588236
0
-0.058823529411764705
0
-0.037647058823529395
0.05882352941176477
0.3055028462998104
0
0.11764705882352941
0
0.5882352941176471
0.11764705882352941
0
0
0
0.11764705882352941
0
0.005347593582887679
0
0
0
0
0.2941176470588236
0.15294117647058822
0
-0.037647058823529395
0
0.005347593582887679
0
0
0
0.05882352941176477
0.6470588235294117
0.05882352941176477
0.05882352941176477
0.11764705882352941
-0.04524886877828056
0.005347593582887679
0.11764705882352941
0.057388809182209434
0.4117647058823529
0.4117647058823529
0.11764705882352941
0
0.23529411764705882
0.23935091277890475
0.05882352941176477
0.05882352941176477
0
0
-0.05882352941176471
0
0
0.05882352941176477
0.05882352941176477
-0.058823529411764705
0
0.05263157894736842
0
0
0.0420168067226891
0
0.11764705882352941
0
0.031076581576026625
-0.048442906574394456
0.2941176470588236
0
0.17647058823529413
0.05882352941176477
0
0
0
0.05882352941176477
0.05882352941176477
0
0.05882352941176477
0.11764705882352941
0
0
0
0.11764705882352941
0
0
0.05882352941176477
-0.012787723785166254
0.05882352941176477
0.17647058823529413
0.05882352941176477
0.0933062880324544
0.23529411764705882
0
0
0.05882352941176477
0
0.05882352941176477
0.01680672268907567
-0.03299856527977042
-0.05882352941176471
0
0
0
0
0
0.6158250910983862
-0.05882352941176471
0.173374613003096
0.005347593582887679
0.05882352941176477
0
0.08235294117647059
0
-0.058823529411764705
0.2941176470588236
0.11764705882352941
0
0.17647058823529413
0
0.05882352941176477
0.7058823529411764
0
0
0
0
0.23529411764705882
0
0
0
0.1140456182472989
0
0.05882352941176477
0
-0.02167182662538698
0
-0.037647058823529395
-0.012787723785166254
0
0.173374613003096
0.5512605042016806
0.17647058823529413
0
0
0.05882352941176477
0.0420168067226891
-0.029814665592264318
0.17647058823529413
0.11764705882352941
0
0.7058823529411764
0
0.29653505237711514
-0.04524886877828056
-0.037647058823529395
0.005347593582887679
0
0
0.23438914027149324
0.11764705882352941
0.46020761245674746
0
0
0
0.05882352941176477
0.23529411764705882
0
0
0
0.4117647058823529
0
0.06393861892583122
0
0.11764705882352941
0
0.05882352941176477
0
0.23529411764705882
0.11764705882352941
0
0
0.05882352941176477
-0.05212211466865228
0.23438914027149324
0
-0.0014174344436569527
0
-0.05115089514066496
0.11764705882352941
0.6158250910983862
0.17647058823529413
0
0.05882352941176477
-0.05176470588235295
0
0.01680672268907567
0.2941176470588236
0.05882352941176477
0.22011385199240982
0
0.23529411764705882
0.11764705882352941
0
0.17647058823529418
0.4230006609385327
0.5288720992984349
0
0
0.29411764705882354
0.0933062880324544
0
0
0.005347593582887679
-0.04524886877828056
0.11764705882352941
0
0.47058823529411764
0.2941176470588236
0
0.2941176470588236
0
0.15294117647058822
0.4230006609385327
0.05882352941176477
0
0
0.15532055518836754
0.005347593582887679
-0.058823529411764705
0.47058823529411764
0.11764705882352941
0
0
0
0.11764705882352941
-0.05882352941176471
0
0.17647058823529413
0
0.2941176470588236
0.05882352941176477
0.173374613003096
0
0.7058823529411764
0
0.11764705882352941
0.005347593582887679
0.11764705882352941
0
0.05882352941176477
0
0.3925696594427245
0
0.7058823529411764
-0.058823529411764705
0.4117647058823529
0.32620320855614976
0.17647058823529413
-0.02167182662538698
0.11764705882352941
0.5882352941176471
0
0.173374613003096
0
-0.05212211466865228
-0.058823529411764705
0.05882352941176477
0.13871817383669882
0
-0.04524886877828056
0
-0.012787723785166254
0.05882352941176477
0.005347593582887679
0.4230006609385327
0
0
0
0.46020761245674746
0.3657542224810717
0
0
0.0457516339869281
0.11764705882352941
0
0.05882352941176477
0.005347593582887679
0.05882352941176477
0
0.4117647058823529
0
0.2941176470588236
-0.05176470588235295
0
0.47058823529411764
0
0.32620320855614976
0.23529411764705882
0
0.15532055518836754
0
0.11764705882352941
0
0.11764705882352941
0.16279069767441864
0.01680672268907567
0.10457516339869283
-0.05212211466865228
-0.0316742081447964
-0.058823529411764705
0.23529411764705882
0.173374613003096
0.173374613003096
0
0
0
0.19872813990461047
0
0.17647058823529413
0.11764705882352941
0
0
0.11764705882352941
0
0
0.05882352941176477
0.11764705882352941
0
0.22011385199240982
0.173374613003096
0
-0.04524886877828056
0.05882352941176477
0
-0.03299856527977042
0
0.05882352941176477
0
0
0.05882352941176477
-0.050144648023143674
0
0
0
0.19872813990461047
0.17647058823529413
0.11764705882352941
0.031076581576026625
-0.048442906574394456
0.22624434389140283
0.2941176470588236
0
0.05882352941176477
0.4869617950272893
0
0.3657542224810717
0.17647058823529413
-0.058823529411764705
0
0.6158250910983862
0.4230006609385327
0
0
0.35294117647058826
0.05882352941176477
0.05882352941176477
0.2941176470588236
0.05882352941176477
0
0.13871817383669882
0
0.05882352941176477
0.11764705882352941
0
0
0.17647058823529413
0.3925696594427245
0.4230006609385327
0
0
0
0.05882352941176477
0
0
-0.04524886877828056
0
0.05882352941176477
0
0
0
0
0
-0.0522875816993464
0.17647058823529413
0.5288720992984349
0.17647058823529418
0.23529411764705882
0.23529411764705882
0.11764705882352941
0
0.05882352941176477
0
-0.058823529411764705
0.11764705882352941
0
0.005347593582887679
0.11764705882352941
0
0.4453781512605043
0
0.17647058823529413
0
0.13871817383669882
0.35294117647058826
0
0
0.23529411764705882
0
0.05882352941176477
-0.02167182662538698
0
0.11764705882352941
0.05882352941176477
0
0.005347593582887679
0.4117647058823529
0
0.11764705882352941
0
0.17647058823529413
0.7647058823529411
0.6470588235294117
-0.058823529411764705
0
0.11764705882352941
0.2941176470588236
0
-0.012787723785166254
-0.04524886877828056
-0.050144648023143674
0.11764705882352944
-0.050144648023143674
0
0
0.0420168067226891
0
0.05882352941176477
-0.058823529411764705
0.05882352941176477
-0.058823529411764705
0.11764705882352941
0.17647058823529413
-0.037647058823529395
0.05882352941176477
0.35294117647058826
0.05882352941176477
0
0.05882352941176477
0.05882352941176477
0.057388809182209434
0.23529411764705882
0
0.005347593582887679
-0.05882352941176471
0.05882352941176477
0
0
0.11764705882352941
0
0.3925696594427245
0
0
0
0.37433155080213903
0
0
0.05882352941176477
0
0.01680672268907567
0
0.05882352941176477
0.11764705882352941
0
0.05882352941176477
0.261437908496732
0
0.00305576776165009
0
0
0
0
0.06393861892583122
0.0933062880324544
0.17647058823529413
0.05882352941176477
0.4117647058823529
0
0.17647058823529418
0.29411764705882354
0
0.32620320855614976
-0.012787723785166254
0.00305576776165009
0.2941176470588236
0.05882352941176477
0
0
0.23438914027149324
0
0.23438914027149324
0.17647058823529413
0.5882352941176471
0
0
0
0.4453781512605043
0.05882352941176477
0.17647058823529418
0
0.6158250910983862
0
0
0.23529411764705882
0.11764705882352941
0
0
0.05882352941176477
-0.058823529411764705
0.05882352941176477
0.4230006609385327
0.05882352941176477
-0.029814665592264318
-0.058823529411764705
0
0
0.11764705882352941
0.35294117647058826
0.01680672268907567
0
0.05882352941176477
0
0
0.05882352941176477
0
0.2941176470588236
0
0
0
0.35294117647058826
0
0.29411764705882354
0.05882352941176477
0
0.19872813990461047
0.4230006609385327
0.23529411764705882
0.23529411764705882
0
0.05882352941176477
0.057388809182209434
0.05882352941176477
0.05882352941176477
0
0
0.11764705882352944
0
0
0.3657542224810717
0.17647058823529413
0
-0.032679738562091484
0
0.11764705882352941
0.05882352941176477
0
0.00828500414250208
0
0
0.13871817383669882
0.05882352941176477
-0.05176470588235295
0
0.15532055518836754
0.05882352941176477
-0.05115089514066496
-0.037647058823529395
0.11764705882352941
0.057388809182209434
0
0
0.11764705882352941
0.17647058823529413
0.11764705882352941
0
-0.05115089514066496
0
0.17647058823529413
0.11764705882352941
0
0
0
0.05882352941176477
0.3925696594427245
0.005347593582887679
0.3055028462998104
0
0
0.05882352941176477
-0.058823529411764705
0
0.0420168067226891
0
0.11764705882352941
0
0.09688581314878894
0.06393861892583122
0.06393861892583122
0.05882352941176477
-0.058823529411764705
0.29653505237711514
0
0
0.16279069767441864
0.5294117647058825
0
0.11764705882352941
0.23529411764705882
0
0.11764705882352941
0.08235294117647059
-0.03299856527977042
0
-0.058823529411764705
0
0
0.00305576776165009
0.06393861892583122
0
0
0.11764705882352941
0
0
0
0
0.05882352941176477
0.1140456182472989
0.11764705882352941
0.1140456182472989
0.11764705882352941
0.09688581314878894
0.05882352941176477
0
0.17647058823529413
0
0.05882352941176477
0.1140456182472989
0
0.05882352941176477
0
0
-0.029814665592264318
0
0
-0.058823529411764705
0
0
0.05882352941176477
0.11764705882352941
0
0
0
0
0
0.7647058823529411
0.23529411764705882
0.4117647058823529
0.11764705882352941
0
0
0.05882352941176477
-0.058823529411764705
0.35294117647058826
0
0
0.23529411764705882
0
0.7455540355677155
0
0.17647058823529413
0.11764705882352941
0
0
0.5288720992984349
0.2941176470588236
0.05882352941176477
0.4230006609385327
0
0
0.11764705882352941
-0.05212211466865228
0.05882352941176477
0.05882352941176477
0.11764705882352941
0
0.05882352941176477
0.05263157894736842
-0.026737967914438488
0.3925696594427245
0.005347593582887679
0
0
0.11764705882352941
0
-0.058823529411764705
0
0.4117647058823529
0.005347593582887679
-0.058823529411764705
0
0.08235294117647059
0.17647058823529413
0
0
0
0
-0.05882352941176471
0
0
0.17647058823529413
-0.050144648023143674
0.05263157894736842
0.5927601809954752
0.05882352941176477
0.057388809182209434
0
-0.050144648023143674
0.05882352941176477
0
0
0
0.05882352941176477
0.05882352941176477
0.17647058823529413
0.057388809182209434
0.4230006609385327
0.031076581576026625
0.5294117647058825
0
-0.037647058823529395
0.031076581576026625
0
0
-0.026737967914438488
-0.048442906574394456
0
0.05882352941176477
0.3055028462998104
0.1140456182472989
0.06393861892583122
0.17647058823529413
0.17647058823529413
0.031076581576026625
0.01680672268907567
-0.04524886877828056
0.11764705882352941
0
0.09688581314878894
0.0420168067226891
-0.029814665592264318
-0.037647058823529395
-0.012787723785166254
0.1140456182472989
0.17647058823529413
0
0.05882352941176477
0
0.057388809182209434
0.05882352941176477
0.05882352941176477
0.057388809182209434
0.09688581314878894
0.05882352941176477
0.4230006609385327
-0.050144648023143674
0.11764705882352941
0.11764705882352941
0.031076581576026625
0
0
0.3055028462998104
-0.0522875816993464
-0.029814665592264318
0
-0.058823529411764705
0.11764705882352941
0.2941176470588236
0.05882352941176477
0
0.05882352941176477
0.05882352941176477
-0.0316742081447964
0.17647058823529413
0
0
0
0.2941176470588236
0.35947712418300654
0
0.2941176470588236
0.1140456182472989
0.35294117647058826
0.23529411764705882
0
0.16279069767441864
0.13871817383669882
0
0
0
0
0.05882352941176477
-0.058823529411764705
0.17647058823529413
0
-0.05176470588235295
0
0.05882352941176477
0.05882352941176477
0.4117647058823529
0
0.35294117647058826
0.11764705882352941
0.32620320855614976
0.261437908496732
0.0457516339869281
0.05882352941176477
0
0.05882352941176477
-0.037647058823529395
0
0
0.11764705882352941
0.2941176470588236
0.05882352941176477
0
0
0
0.05882352941176477
0
0
0.2941176470588236
0
0.05882352941176477
-0.048442906574394456
0
0.11764705882352941
0.05882352941176477
0
0.11764705882352941
0
0
-0.05882352941176471
0
0.05882352941176477
-0.026737967914438488
0
0
0
0.4453781512605043
0.23529411764705882
0.4230006609385327
-0.03299856527977042
0.05882352941176477
0.6470588235294117
0
0
0
0.05882352941176477
0.05882352941176477
0.08235294117647059
0.05882352941176477
0.11764705882352941
0.35294117647058826
0.05882352941176477
0
-0.037647058823529395
0
0.17647058823529413
0.11764705882352941
0
0.05882352941176477
0.05882352941176477
0.17647058823529413
0
0
0
0.11764705882352941
0.05882352941176477
0.005347593582887679
0.19872813990461047
0
0
0
0.08235294117647059
0.15532055518836754
0.13871817383669882
0
0.17647058823529413
0
0.11764705882352941
0
0.1140456182472989
0.11764705882352941
0.11764705882352941
-0.05882352941176471
0.1140456182472989
0.05882352941176477
0.0933062880324544
0.4117647058823529
0.4117647058823529
0
0
0
0
0
0.00828500414250208
0
0.17647058823529413
0.17647058823529413
0
0
0.17647058823529418
0.17647058823529413
-0.050144648023143674
-0.029814665592264318
0
0.05882352941176477
0
0.0933062880324544
0
0
0
0
0.05882352941176477
0.11764705882352941
0
0
0
-0.058823529411764705
0
0.05882352941176477
0
0.00828500414250208
-0.058823529411764705
0.05882352941176477
0.05882352941176477
0
0.22624434389140283
0.17647058823529413
0
-0.058823529411764705
0.05882352941176477
0
0
0.11764705882352941
0
0
0.05882352941176477
0.05882352941176477
0.23438914027149324
0.05882352941176477
0
0
0.32620320855614976
0.4117647058823529
0
0
0
0
0.11764705882352941
0
0
0
0.2941176470588236
0.23529411764705882
0
0.5882352941176471
0
0.11764705882352941
0
0.11764705882352941
0
0.005347593582887679
0
0
0.2941176470588236
0
0
-0.05176470588235295
0.11764705882352941
0.05882352941176477
-0.058823529411764705
0.2941176470588236
0.1140456182472989
-0.048442906574394456
0.05882352941176477
0.09688581314878894
-0.0014174344436569527
0.05882352941176477
0.11764705882352941
0.5882352941176471
0
0.23935091277890475
0.11764705882352941
0.11764705882352941
0
-0.058823529411764705
0
0.05882352941176477
-0.050144648023143674
0
0
-0.012787723785166254
0.23529411764705882
0.05882352941176477
0
0
0.11764705882352941
0
0.5294117647058825
0
0.05882352941176477
0.7647058823529411
-0.0316742081447964
0.4230006609385327
0
0
0
0.05882352941176477
0.11764705882352941
0.6470588235294117
0.11764705882352941
0.11764705882352941
0.11764705882352941
-0.048442906574394456
0
0.4453781512605043
0.05882352941176477
0.11764705882352941
0.739366515837104
0.32620320855614976
0.05882352941176477
-0.04524886877828056
0.5182829888712243
0.22624434389140283
0.17647058823529413
0.05882352941176477
0
0.2941176470588236
0.0457516339869281
0
0.2941176470588236
0.16279069767441864
0.2941176470588236
0.5512605042016806
0
0.2941176470588236
0.11764705882352941
0
0
0.05882352941176477
0.05882352941176477
0.11764705882352941
0.47058823529411764
0.35294117647058826
0.5882352941176471
0
0
0
0.2941176470588236
0.05882352941176477
0.4117647058823529
0.11764705882352941
0.005347593582887679
0
0
0
0.23529411764705882
0
0.5882352941176471
-0.0014174344436569527
0
-0.05212211466865228
0.05882352941176477
0.4117647058823529
0
0
0
-0.05176470588235295
0
0.11764705882352941
0.5882352941176471
0
0.823529411764706
0
0
0
0
0.05882352941176477
0
0
0.11764705882352941
0
0
0.5294117647058825
0.8823529411764707
0.4117647058823529
0.9411764705882353
0
0.4117647058823529
0.47058823529411764
0
0
0.11764705882352941
0
0
0.47058823529411764
0
0
0
