0.117647
0.326203
0.031077
0.882353
0.000000
0.000000
0.000000
0.058824
0.176471
0.000000
0.000000
0.000000
0.005348
0.529412
0.176471
0.000000
0.117647
0.296535
0.000000
0.000000
0.117647
0.000000
0.058824
0.000000
0.470588
0.326203
0.000000
0.117647
0.000000
0.000000
0.823529
0.000000
0.117647
0.000000
0.058824
0.000000
0.117647
0.117647
0.058824
0.235294
0.294118
0.058824
0.000000
0.000000
0.235294
0.000000
0.470588
0.000000
0.764706
0.058824
0.000000
0.117647
0.176471
0.117647
0.705882
0.000000
0.294118
0.000000
0.000000
0.000000
0.058824
0.058824
0.058824
0.941176
0.235294
0.000000
0.117647
0.235294
0.529412
0.058824
0.486962
0.000000
0.235294
0.764706
0.235294
0.176471
-0.058824
0.058824
0.000000
0.000000
0.176471
0.000000
0.117647
0.117647
0.000000
0.176471
0.000000
0.058824
0.000000
0.000000
0.000000
0.470588
0.000000
0.000000
0.705882
0.000000
0.352941
0.000000
0.000000
0.823529
0.058824
0.290479
0.063939
0.234389
0.294118
-0.058824
0.058824
0.000000
0.117647
0.000000
0.057389
0.000000
0.117647
0.117647
0.615825
0.470588
0.000000
-0.058824
0.294118
0.668580
-0.058824
0.000000
0.000000
-0.052122
0.042017
0.000000
0.810648
0.235294
0.000000
0.352941
0.411765
0.000000
0.000000
0.117647
0.058824
0.000000
0.000000
0.000000
0.000000
0.117647
0.058824
-0.012788
-0.037647
0.117647
0.000000
0.000000
0.058824
-0.037647
0.234389
-0.058824
0.411765
0.294118
0.058824
0.005348
-0.052288
0.058824
-0.045249
0.245098
0.000000
0.058824
0.000000
0.000000
0.016807
0.529412
0.000000
0.000000
0.000000
0.000000
0.000000
0.529412
0.058824
0.000000
-0.058824
0.058824
0.000000
0.000000
0.705882
0.000000
0.176471
0.000000
0.588235
0.000000
0.000000
0.000000
0.705882
0.000000
0.000000
0.745554
0.058824
0.000000
0.117647
0.470588
0.058824
0.000000
0.058824
-0.037647
0.058824
0.000000
0.411765
0.057389
0.117647
0.005348
0.352941
0.296535
0.000000
0.352941
0.058824
-0.037647
0.005348
0.117647
0.176471
0.598377
0.117647
0.117647
-0.045249
-0.037647
0.000000
0.000000
0.668580
0.000000
0.117647
-0.058824
0.000000
-0.058824
0.058824
0.000000
0.000000
0.000000
0.000000
0.529412
0.000000
0.000000
0.941176
0.058824
0.058824
0.615825
0.000000
-0.028571
0.647059
0.294118
0.000000
0.823529
0.117647
0.058824
0.173375
0.000000
0.235294
0.117647
0.000000
0.000000
0.117647
0.005348
0.000000
0.352941
0.117647
0.000000
0.117647
0.117647
0.000000
0.176471
0.000000
0.235294
0.000000
0.000000
0.000000
0.117647
0.000000
0.365754
0.000000
0.460208
0.000000
0.411765
0.058824
0.058824
0.000000
0.176471
0.000000
0.058824
0.000000
0.000000
0.057389
-0.037647
0.048593
0.117647
0.000000
0.000000
0.058824
0.470588
0.359477
0.615825
0.058824
0.000000
0.000000
0.000000
0.000000
0.117647
0.000000
0.326203
0.063939
0.000000
0.470588
0.705882
0.647059
0.423001
0.000000
-0.012788
0.000000
0.176471
0.235294
-0.037647
0.117647
0.352941
0.005348
0.058824
0.000000
0.000000
0.000000
0.000000
0.470588
0.058824
-0.058824
0.294118
0.058824
0.000000
0.588235
0.000000
0.000000
0.005348
0.000000
0.000000
0.058824
0.529412
0.000000
0.117647
0.000000
0.058824
0.000000
0.000000
0.000000
0.294118
0.411765
0.058824
0.000000
0.294118
0.000000
0.117647
0.000000
0.000000
0.000000
0.058824
-0.037647
0.000000
0.176471
0.176471
0.058824
0.000000
0.000000
0.235294
0.000000
0.000000
0.000000
0.000000
0.117647
0.000000
0.529412
0.000000
0.058824
0.058824
-0.045249
-0.012788
0.235294
0.000000
0.000000
0.551261
0.000000
0.000000
0.058824
0.058824
0.000000
0.000000
0.114046
0.000000
0.058824
0.000000
0.058824
0.000000
0.058824
0.000000
-0.058824
-0.029815
0.000000
0.000000
0.000000
0.000000
0.058824
0.117647
0.138718
-0.058824
0.000000
0.058824
0.117647
0.352941
0.000000
0.000000
0.000000
0.058824
0.000000
0.058824
0.000000
0.000000
0.000000
0.058824
0.000000
0.000000
0.058824
0.000000
0.000000
0.058824
0.000000
-0.058824
0.000000
0.000000
0.000000
0.000000
0.352941
0.058824
-0.058824
0.058824
0.000000
0.000000
0.082353
0.000000
0.058824
0.058824
0.000000
0.058824
0.000000
0.003056
0.176471
0.423001
0.104575
0.392570
0.411765
0.000000
-0.058824
0.235294
0.117647
0.374332
0.058824
0.117647
0.000000
-0.052122
0.000000
0.352941
0.000000
0.058824
0.000000
0.000000
0.117647
0.352941
-0.012788
0.000000
0.176471
0.058824
0.294118
0.294118
-0.048443
0.000000
0.000000
0.588235
0.000000
0.000000
0.392570
0.117647
0.000000
-0.058824
0.003056
0.000000
-0.058824
0.000000
0.235294
-0.052288
0.000000
0.000000
0.000000
-0.058824
0.176471
0.000000
0.000000
0.000000
0.117647
-0.037647
0.000000
0.000000
0.082353
0.176471
0.000000
0.000000
0.058824
0.005348
-0.058824
0.000000
0.261438
-0.012788
0.235294
-0.026738
0.000000
0.000000
0.058824
0.117647
-0.012788
0.063939
0.000000
0.058824
0.058824
0.063939
0.000000
0.000000
0.359477
0.176471
0.000000
0.000000
0.117647
0.000000
0.529412
-0.058824
0.705882
0.058824
0.000000
0.000000
0.000000
0.000000
0.000000
0.764706
0.058824
0.000000
0.000000
0.000000
0.000000
-0.058824
-0.058824
0.000000
0.000000
0.058824
0.176471
0.068235
0.000000
0.235294
0.000000
0.058824
0.234389
0.058824
0.058824
0.117647
0.294118
0.058824
0.000000
0.058824
0.359477
-0.026738
0.470588
0.290479
0.000000
0.352941
0.000000
0.000000
0.058824
-0.028571
0.000000
0.000000
0.176471
0.057389
0.261438
0.000000
0.117647
0.000000
0.411765
-0.045249
0.000000
0.117647
0.093306
-0.058824
0.000000
0.057389
0.117647
0.058824
0.000000
0.261438
0.176471
0.005348
0.176471
0.000000
0.058824
-0.058824
0.176471
0.000000
-0.032680
0.058824
0.000000
-0.058824
0.000000
0.000000
0.460208
0.117647
0.000000
0.176471
0.045752
0.000000
0.058824
0.529412
0.176471
0.176471
0.000000
0.296535
0.058824
0.000000
0.000000
0.000000
0.823529
0.486962
0.000000
0.000000
0.058824
0.058824
0.117647
0.058824
0.117647
0.096886
0.000000
0.000000
0.117647
0.000000
0.000000
0.005348
0.294118
0.000000
0.162791
0.016807
0.000000
0.176471
0.058824
0.000000
0.000000
0.000000
0.000000
0.117647
0.411765
0.615825
0.000000
0.000000
0.117647
-0.012788
0.705882
0.000000
0.117647
0.058824
0.005348
0.005348
0.000000
0.000000
0.000000
-0.029815
0.058824
0.359477
0.235294
0.000000
0.000000
0.000000
0.176471
0.078431
0.058824
-0.051765
-0.058824
0.000000
0.058824
0.008285
0.326203
0.176471
0.058824
0.058824
0.000000
0.309717
0.235294
0.680603
0.058824
0.000000
-0.045249
0.117647
0.117647
0.058824
0.000000
0.152941
-0.031674
0.000000
0.000000
0.016807
0.000000
0.058824
0.470588
0.000000
0.000000
0.000000
0.000000
-0.037647
0.000000
0.000000
0.588235
0.117647
-0.037647
0.305503
0.000000
-0.058824
0.359477
0.000000
0.000000
0.294118
0.551261
0.000000
0.058824
0.058824
0.058824
0.176471
0.294118
0.615825
0.294118
0.000000
0.235294
0.000000
0.235294
0.000000
0.000000
0.000000
0.000000
0.000000
0.000000
0.117647
0.000000
0.615825
0.460208
0.000000
0.000000
0.588235
0.294118
-0.037647
0.588235
0.000000
0.000000
-0.037647
0.058824
0.000000
0.352941
0.176471
0.000000
0.000000
0.000000
0.000000
0.423001
0.235294
0.352941
-0.037647
0.176471
0.117647
0.000000
-0.051765
0.058824
0.058824
0.058824
0.117647
0.111954
0.000000
0.352941
0.152941
0.352941
0.058824
0.117647
0.000000
0.294118
0.000000
0.000000
0.058824
0.000000
0.000000
-0.058824
0.000000
0.588235
0.000000
0.000000
0.000000
0.000000
0.117647
0.705882
0.058824
0.058824
0.000000
0.058824
0.117647
0.000000
0.000000
0.000000
0.000000
0.000000
0.000000
-0.032680
-0.001417
0.226244
0.058824
0.000000
0.000000
0.000000
0.117647
0.000000
0.058824
0.176471
0.058824
0.000000
0.176471
0.411765
0.000000
0.058824
0.117647
0.000000
0.352941
0.114046
0.296535
0.588235
0.176471
-0.037647
0.000000
0.176471
0.058824
0.000000
0.000000
0.000000
0.176471
0.000000
0.000000
0.705882
0.352941
0.235294
0.000000
0.411765
-0.037647
0.000000
0.000000
0.058824
0.000000
0.176471
0.411765
0.235294
0.000000
0.000000
0.000000
0.058824
0.000000
0.000000
0.294118
0.058824
0.000000
0.000000
0.005348
0.000000
0.058824
0.058824
0.294118
0.235294
0.114046
0.000000
0.117647
0.117647
0.117647
0.411765
0.000000
0.058824
-0.037647
0.000000
0.082353
0.000000
0.000000
0.000000
0.058824
0.000000
0.000000
0.000000
-0.048443
0.114046
0.058824
0.000000
-0.058824
-0.058824
0.000000
0.000000
0.294118
0.058824
0.000000
0.680603
0.000000
0.058824
0.000000
0.000000
0.000000
0.058824
0.455605
0.000000
0.000000
0.058824
0.058824
0.176471
0.176471
0.000000
0.000000
0.000000
0.647059
0.000000
0.000000
0.000000
0.000000
-0.058824
0.000000
-0.052288
0.000000
0.000000
0.058824
0.058824
0.000000
0.000000
0.000000
0.000000
0.052632
0.058824
0.016807
0.000000
0.000000
0.176471
0.057389
0.005348
0.058824
0.000000
0.058824
0.588235
0.058824
0.000000
0.235294
0.000000
0.000000
0.082353
0.114046
0.000000
0.000000
0.000000
0.000000
0.000000
0.117647
0.000000
0.117647
0.000000
0.705882
0.000000
0.000000
0.176471
-0.037647
0.058824
0.176471
-0.032680
0.057389
-0.037647
0.058824
-0.058824
0.000000
0.176471
0.000000
0.058824
0.000000
0.000000
0.000000
0.117647
0.000000
0.423001
0.000000
0.000000
0.000000
0.000000
-0.058824
0.058824
0.052632
0.000000
0.000000
0.294118
0.000000
0.000000
0.058824
0.176471
0.000000
0.294118
0.000000
0.058824
0.320069
0.058824
0.261438
0.000000
0.058824
-0.058824
0.000000
0.176471
0.058824
0.000000
0.058824
-0.058824
0.000000
0.000000
0.000000
0.000000
0.052632
0.000000
0.117647
0.117647
0.058824
0.058824
0.000000
0.198728
0.000000
0.000000
0.000000
0.000000
0.529412
0.000000
0.000000
-0.021672
0.117647
0.235294
0.647059
0.058824
0.000000
0.176471
0.000000
0.000000
0.058824
0.000000
0.823529
0.352941
0.000000
0.000000
0.235294
0.000000
0.000000
-0.048443
0.296535
0.235294
0.000000
0.374332
0.005348
0.000000
0.138718
0.000000
0.058824
0.000000
-0.012788
0.000000
0.000000
0.000000
0.117647
0.058824
-0.037647
0.000000
0.000000
0.058824
0.198728
0.745554
0.235294
-0.050145
0.000000
0.294118
0.000000
0.234389
0.176471
0.000000
0.000000
0.042017
0.000000
0.882353
-0.058824
0.005348
0.000000
0.114604
0.000000
0.000000
0.239351
0.000000
0.411765
0.117647
0.352941
0.117647
0.058824
0.000000
0.058824
0.003056
0.000000
0.058824
0.058824
0.000000
0.000000
0.000000
0.176471
0.000000
0.000000
0.000000
0.117647
0.093306
0.000000
0.000000
0.058824
-0.058824
0.000000
0.031077
0.058824
-0.021672
0.000000
0.588235
0.000000
0.000000
0.000000
0.057389
0.000000
0.058824
0.000000
0.000000
0.294118
0.294118
0.392570
0.000000
0.058824
0.000000
0.176471
0.000000
0.000000
0.352941
0.000000
0.615825
0.411765
0.058824
0.058824
0.000000
0.000000
0.000000
0.810648
0.000000
0.000000
0.058824
0.392570
0.058824
0.000000
0.117647
0.000000
0.057389
0.117647
-0.058824
0.518283
0.000000
-0.012788
0.000000
-0.050145
0.117647
0.000000
0.000000
0.000000
-0.058824
0.000000
0.235294
0.058824
0.000000
0.117647
0.000000
0.117647
0.000000
0.176471
0.235294
-0.058824
0.052632
0.176471
0.235294
0.235294
0.235294
-0.029815
0.117647
0.057389
0.176471
0.000000
0.176471
0.058824
0.000000
0.235294
0.000000
0.058824
0.000000
0.000000
0.470588
0.000000
0.764706
0.000000
0.000000
0.117647
0.058824
0.114046
0.294118
0.000000
0.000000
0.352941
0.117647
0.423001
0.000000
-0.045249
0.000000
0.000000
0.058824
0.290479
0.000000
0.058824
0.000000
0.058824
0.235294
0.000000
0.057389
0.000000
0.117647
0.058824
0.000000
0.058824
0.058824
0.117647
0.352941
0.000000
-0.037647
0.058824
0.294118
0.058824
0.000000
0.117647
0.000000
0.529412
0.000000
0.000000
0.000000
0.000000
0.058824
0.000000
0.000000
0.000000
-0.037647
0.117647
0.000000
-0.029815
0.000000
0.000000
0.000000
0.117647
0.176471
0.058824
0.000000
0.764706
0.058824
-0.058824
0.000000
0.058824
-0.045249
0.058824
0.000000
0.162791
0.000000
0.000000
0.117647
0.000000
0.000000
-0.012788
0.005348
0.551261
0.058824
0.000000
0.117647
0.058824
0.000000
0.000000
0.058824
0.000000
0.235294
0.000000
0.705882
0.551261
0.000000
0.000000
0.058824
0.235294
0.058824
0.000000
0.058824
0.000000
0.000000
0.057389
0.000000
0.615825
0.000000
0.445378
0.058824
0.000000
0.470588
0.057389
0.000000
0.528872
-0.051151
0.000000
0.000000
0.000000
0.000000
0.000000
0.058824
0.058824
0.000000
0.000000
0.000000
0.000000
0.176471
0.058824
0.005348
0.000000
0.058824
-0.029815
0.000000
-0.021672
-0.048443
0.057389
0.058824
0.000000
0.082353
0.058824
0.000000
0.411765
0.117647
0.000000
0.294118
0.588235
0.058824
0.000000
0.005348
0.000000
0.411765
0.235294
-0.032680
-0.051151
0.058824
0.114046
0.000000
0.000000
0.058824
0.000000
0.117647
0.058824
0.615825
0.823529
0.000000
0.000000
0.058824
0.000000
0.000000
0.176471
0.000000
0.058824
0.000000
0.058824
0.000000
0.000000
0.764706
0.294118
0.000000
-0.058824
0.000000
0.326203
0.220114
0.000000
0.235294
0.058824
0.000000
-0.051765
0.000000
0.058824
0.058824
-0.058824
0.000000
0.117647
0.000000
0.000000
0.000000
0.000000
0.045752
0.042017
0.058824
0.294118
0.235294
-0.026738
0.000000
0.058824
-0.029815
0.000000
0.000000
0.000000
0.000000
0.000000
0.000000
0.000000
0.117647
0.117647
0.000000
0.000000
0.000000
0.000000
-0.048443
0.000000
0.000000
0.000000
0.000000
0.000000
0.117647
0.000000
0.117647
0.000000
0.000000
0.000000
0.000000
0.000000
0.058824
0.058824
0.000000
0.058824
0.000000
0.117647
0.000000
0.117647
0.160000
0.000000
0.000000
0.176471
0.000000
-0.045249
0.000000
0.000000
0.000000
0.294118
0.235294
0.411765
0.305503
0.058824
0.117647
0.058824
0.000000
0.000000
0.000000
0.411765
0.057389
0.117647
0.058824
0.000000
0.647059
0.058824
0.518283
0.176471
0.000000
0.117647
0.000000
0.374332
0.000000
0.117647
0.000000
-0.012788
0.000000
0.117647
0.000000
0.326203
0.155321
0.000000
0.058824
0.220114
0.000000
-0.058824
0.000000
0.173375
0.235294
0.198728
0.000000
0.114046
0.359477
0.000000
0.058824
0.000000
-0.058824
0.173375
0.000000
-0.032680
0.117647
0.117647
0.117647
0.000000
0.000000
-0.051765
-0.052288
0.000000
0.000000
0.063939
0.000000
0.000000
0.005348
0.000000
0.000000
0.058824
0.000000
0.000000
0.000000
0.176471
0.235294
0.000000
0.294118
0.117647
0.176471
0.705882
0.058824
0.226244
0.058824
0.423001
0.000000
0.745554
0.000000
0.058824
-0.058824
0.117647
0.235294
0.000000
0.294118
0.000000
0.000000
-0.001417
0.058824
0.000000
-0.058824
0.000000
-0.052122
0.173375
-0.021672
0.058824
0.000000
0.000000
0.000000
0.000000
0.000000
0.000000
0.000000
0.031077
0.058824
0.176471
0.470588
0.000000
0.000000
0.000000
0.470588
0.176471
0.411765
0.000000
0.031077
0.000000
-0.045249
0.176471
0.000000
0.031077
0.000000
0.000000
0.138718
0.058824
0.000000
0.117647
0.058824
0.117647
0.058824
0.000000
0.000000
0.000000
0.000000
0.000000
0.000000
0.000000
0.176471
0.000000
0.352941
0.588235
0.117647
0.000000
0.058824
0.000000
0.000000
0.117647
0.000000
0.058824
0.000000
0.000000
0.000000
0.000000
0.058824
0.058824
0.000000
0.411765
0.000000
0.000000
0.000000
0.058824
0.235294
0.117647
-0.058824
0.000000
0.058824
0.058824
0.000000
0.000000
0.058824
0.000000
0.000000
0.082353
0.000000
0.588235
0.058824
0.235294
0.000000
0.000000
0.117647
0.058824
0.000000
0.941176
0.000000
0.176471
0.058824
0.000000
0.000000
0.000000
0.000000
0.745554
0.235294
0.000000
0.647059
0.705882
0.588235
0.000000
0.823529
0.173375
0.000000
0.000000
-0.037647
0.000000
0.000000
0.000000
0.058824
-0.050145
0.000000
0.000000
0.470588
0.000000
0.000000
0.000000
0.000000
0.058824
0.058824
0.470588
0.000000
0.823529
0.058824
0.000000
0.000000
0.470588
0.764706
0.000000
0.000000
0.058824
0.058824
0.588235
0.000000
0.423001
0.000000
0.445378
0.058824
0.000000
0.176471
0.000000
0.000000
0.000000
0.000000
0.000000
0.352941
0.000000
0.000000
0.000000
0.000000
0.000000
0.000000
-0.012788
0.000000
0.000000
0.058824
0.058824
0.162791
0.000000
-0.037647
0.058824
0.058824
0.000000
0.000000
0.058824
0.000000
0.294118
0.000000
0.423001
0.000000
0.117647
0.000000
0.058824
0.000000
0.294118
0.000000
0.235294
0.000000
0.294118
0.000000
0.352941
0.000000
0.000000
0.000000
0.668580
0.000000
0.470588
0.411765
0.058824
-0.048443
0.000000
0.058824
0.000000
0.411765
0.235294
0.000000
0.000000
0.058824
0.000000
0.058824
0.305503
0.117647
0.058824
0.005348
0.114046
0.000000
0.000000
0.000000
0.058824
0.000000
0.117647
0.057389
0.058824
0.058824
0.176471
0.705882
0.000000
0.000000
0.529412
0.529412
0.117647
0.551261
0.003056
0.000000
0.000000
0.117647
0.810648
0.000000
0.668580
0.117647
0.000000
0.000000
0.000000
0.117647
-0.058824
0.588235
0.000000
0.000000
0.176471
0.000000
0.668580
0.294118
0.739367
0.058824
0.000000
0.668580
0.117647
0.000000
0.000000
-0.037647
0.176471
-0.045249
0.739367
0.058824
0.000000
0.000000
0.000000
0.117647
0.680603
0.117647
0.000000
0.058824
0.000000
0.000000
0.058824
0.000000
0.058824
0.411765
0.117647
0.423001
0.411765
0.000000
0.294118
0.000000
0.000000
0.000000
0.326203
0.000000
0.000000
0.000000
0.294118
0.000000
0.058824
0.000000
-0.037647
0.000000
0.000000
0.000000
0.882353
0.000000
0.668580
0.176471
0.117647
0.000000
0.058824
-0.037647
0.000000
0.000000
0.528872
0.615825
0.305503
0.058824
0.117647
0.117647
0.000000
-0.029815
0.000000
0.000000
-0.058824
0.000000
0.000000
0.000000
0.392570
0.117647
-0.021672
0.058824
0.000000
0.000000
0.000000
0.000000
0.176471
0.000000
0.000000
0.000000
0.000000
0.058824
0.000000
0.296535
0.411765
0.296535
0.411765
-0.058824
-0.037647
0.470588
0.000000
-0.058824
0.005348
0.000000
0.235294
0.000000
0.411765
0.294118
0.359477
0.058824
0.305503
0.000000
0.000000
0.294118
0.117647
0.000000
0.000000
0.000000
0.000000
0.000000
0.000000
0.058824
0.000000
0.117647
0.000000
0.117647
0.000000
0.000000
0.058824
0.058824
0.000000
0.000000
0.058824
-0.051151
0.000000
0.000000
0.058824
-0.058824
0.058824
0.058824
0.529412
0.058824
0.000000
0.000000
-0.058824
0.176471
0.261438
0.162791
-0.021672
0.155321
0.000000
0.000000
0.000000
0.000000
0.000000
0.005348
0.000000
0.000000
0.235294
0.117647
0.000000
0.093306
0.082353
0.000000
0.058824
0.000000
0.114046
0.235294
0.117647
0.005348
0.000000
0.058824
-0.037647
0.031077
0.058824
0.000000
0.000000
0.470588
0.000000
0.000000
0.000000
0.226244
0.000000
0.000000
0.000000
0.000000
0.082353
0.176471
0.058824
0.528872
0.058824
0.000000
0.000000
0.000000
0.005348
-0.048443
0.000000
0.000000
0.235294
0.529412
0.000000
0.528872
0.470588
0.000000
0.000000
0.042017
0.000000
0.000000
0.000000
0.058824
0.031077
0.000000
0.518283
0.000000
0.000000
0.058824
0.000000
0.528872
0.000000
0.220114
0.082353
0.031077
0.000000
0.000000
-0.021672
0.000000
-0.058824
0.176471
0.000000
0.058824
0.239351
0.647059
0.058824
0.057389
0.235294
0.058824
0.235294
0.058824
0.000000
-0.058824
0.000000
0.000000
0.000000
0.209412
-0.012788
0.528872
0.176471
0.058824
0.000000
0.117647
0.058824
0.117647
0.261438
0.114046
0.598377
0.000000
0.117647
0.176471
0.000000
0.615825
0.016807
-0.037647
0.000000
0.058824
0.058824
0.058824
0.352941
0.365754
0.668580
0.000000
0.000000
0.176471
0.235294
-0.032680
0.000000
0.235294
0.058824
0.000000
0.234389
0.005348
0.764706
0.000000
0.294118
0.000000
-0.058824
0.000000
-0.037647
0.058824
0.305503
0.000000
0.117647
0.000000
0.588235
0.117647
0.000000
0.000000
0.000000
0.117647
0.000000
0.005348
0.000000
0.000000
0.000000
0.000000
0.294118
0.152941
0.000000
-0.037647
0.000000
0.005348
0.000000
0.000000
0.000000
0.058824
0.647059
0.058824
0.058824
0.117647
-0.045249
0.005348
0.117647
0.057389
0.411765
0.411765
0.117647
0.000000
0.235294
0.239351
0.058824
0.058824
0.000000
0.000000
-0.058824
0.000000
0.000000
0.058824
0.058824
-0.058824
0.000000
0.052632
0.000000
0.000000
0.042017
0.000000
0.117647
0.000000
0.031077
-0.048443
0.294118
0.000000
0.176471
0.058824
0.000000
0.000000
0.000000
0.058824
0.058824
0.000000
0.058824
0.117647
0.000000
0.000000
0.000000
0.117647
0.000000
0.000000
0.058824
-0.012788
0.058824
0.176471
0.058824
0.093306
0.235294
0.000000
0.000000
0.058824
0.000000
0.058824
0.016807
-0.032999
-0.058824
0.000000
0.000000
0.000000
0.000000
0.000000
0.615825
-0.058824
0.173375
0.005348
0.058824
0.000000
0.082353
0.000000
-0.058824
0.294118
0.117647
0.000000
0.176471
0.000000
0.058824
0.705882
0.000000
0.000000
0.000000
0.000000
0.235294
0.000000
0.000000
0.000000
0.114046
0.000000
0.058824
0.000000
-0.021672
0.000000
-0.037647
-0.012788
0.000000
0.173375
0.551261
0.176471
0.000000
0.000000
0.058824
0.042017
-0.029815
0.176471
0.117647
0.000000
0.215686
0.705882
0.000000
0.296535
-0.045249
-0.037647
0.005348
0.000000
0.000000
0.234389
0.117647
0.460208
0.000000
0.000000
0.000000
0.058824
0.235294
0.000000
0.000000
0.000000
0.411765
0.000000
0.063939
0.000000
0.117647
0.000000
0.058824
0.000000
0.235294
0.117647
0.000000
0.000000
0.058824
-0.052122
0.234389
0.000000
-0.001417
0.000000
-0.051151
0.117647
0.615825
0.176471
0.000000
0.058824
-0.051765
0.000000
0.016807
0.294118
0.058824
0.220114
0.000000
0.235294
0.117647
0.000000
0.071207
0.176471
0.423001
0.048593
0.528872
0.000000
0.000000
0.294118
0.093306
0.000000
0.000000
0.005348
-0.045249
-0.038062
0.117647
0.000000
0.470588
0.294118
0.000000
0.294118
0.000000
0.152941
0.423001
0.058824
0.000000
0.000000
0.155321
0.005348
-0.058824
0.470588
0.117647
0.000000
0.000000
0.000000
0.117647
-0.058824
0.157053
0.000000
0.176471
0.000000
0.294118
0.058824
0.173375
0.000000
0.705882
0.000000
0.117647
0.005348
0.117647
0.000000
0.058824
0.000000
0.392570
0.000000
0.705882
-0.058824
0.411765
0.326203
0.176471
-0.021672
0.117647
0.588235
0.000000
0.173375
0.000000
-0.052122
-0.058824
0.058824
0.138718
0.000000
-0.045249
0.000000
-0.012788
0.058824
0.005348
0.423001
0.000000
0.000000
0.000000
0.460208
0.365754
0.000000
0.000000
0.045752
0.117647
0.000000
0.058824
0.005348
0.058824
0.000000
0.411765
0.000000
0.294118
-0.051765
0.000000
0.470588
0.000000
0.326203
0.235294
0.000000
0.155321
0.000000
0.117647
0.000000
0.117647
0.162791
0.016807
0.104575
-0.052122
-0.031674
-0.058824
0.235294
0.173375
0.173375
0.000000
0.000000
0.000000
0.198728
0.000000
0.176471
0.117647
0.000000
0.000000
0.117647
0.000000
0.000000
0.058824
0.117647
0.000000
0.220114
0.173375
0.000000
-0.045249
0.058824
0.000000
-0.032999
0.000000
0.058824
0.000000
0.009804
0.000000
0.058824
-0.050145
0.000000
0.000000
0.000000
0.198728
0.176471
0.117647
0.031077
-0.048443
0.226244
0.294118
0.000000
0.132353
0.058824
0.486962
0.000000
0.365754
0.176471
-0.058824
0.164706
0.000000
0.615825
0.423001
0.000000
0.000000
0.352941
0.058824
0.058824
0.294118
0.058824
0.000000
0.138718
0.000000
0.058824
0.117647
0.164706
0.000000
0.000000
0.176471
0.392570
0.423001
0.000000
0.000000
0.000000
0.058824
0.000000
0.000000
-0.045249
0.000000
0.058824
0.000000
0.000000
0.000000
0.000000
0.000000
0.029412
-0.052288
0.176471
0.528872
0.176471
0.235294
0.235294
0.117647
0.000000
0.058824
0.000000
-0.058824
0.117647
0.000000
0.005348
0.117647
0.000000
0.445378
0.000000
0.176471
0.159664
0.000000
0.138718
0.352941
0.000000
0.000000
0.235294
0.000000
0.058824
-0.021672
0.000000
0.117647
0.058824
0.000000
0.435294
0.005348
0.411765
0.000000
0.117647
0.000000
0.176471
0.648347
0.764706
0.647059
-0.058824
0.000000
0.117647
0.294118
0.000000
-0.012788
-0.045249
-0.050145
0.117647
-0.050145
0.000000
0.000000
0.042017
0.000000
0.058824
-0.058824
0.058824
-0.058824
0.117647
0.176471
-0.037647
0.058824
0.352941
0.058824
0.000000
0.058824
0.058824
0.057389
0.235294
0.000000
0.005348
-0.058824
0.058824
0.000000
0.000000
0.117647
0.000000
0.392570
0.000000
0.000000
0.000000
0.191604
0.374332
0.000000
0.000000
0.455605
0.058824
0.002262
0.000000
0.016807
0.000000
0.058824
0.117647
0.000000
0.058824
0.261438
0.000000
0.003056
0.000000
0.000000
0.000000
0.000000
0.063939
0.093306
0.176471
0.058824
0.411765
0.000000
0.176471
0.294118
0.000000
0.326203
-0.012788
0.003056
0.294118
0.058824
0.000000
0.000000
0.234389
0.000000
0.234389
0.176471
0.588235
0.000000
0.000000
0.000000
0.445378
0.058824
0.176471
0.000000
0.615825
0.000000
0.000000
0.235294
0.117647
0.000000
0.000000
0.058824
-0.058824
0.058824
0.423001
0.058824
-0.029815
-0.058824
0.000000
0.000000
0.117647
0.352941
0.016807
0.000000
0.058824
0.000000
0.000000
0.058824
0.000000
0.294118
0.000000
0.000000
0.000000
0.352941
0.000000
0.294118
0.058824
0.000000
0.198728
0.423001
0.235294
0.235294
0.000000
0.058824
0.057389
0.058824
0.058824
0.000000
0.000000
0.117647
0.000000
0.000000
0.365754
0.176471
0.000000
-0.032680
0.000000
0.117647
0.058824
0.000000
0.008285
0.000000
0.000000
0.138718
0.058824
-0.051765
0.000000
0.155321
0.058824
-0.051151
-0.037647
0.117647
0.057389
0.000000
0.000000
0.117647
0.176471
0.117647
0.000000
-0.051151
0.000000
0.176471
0.117647
0.000000
0.000000
0.000000
0.058824
0.392570
0.005348
0.305503
0.000000
0.000000
0.058824
-0.058824
0.000000
0.042017
0.000000
0.117647
0.000000
0.096886
0.063939
0.063939
0.058824
-0.058824
0.296535
0.000000
0.000000
0.162791
0.529412
0.000000
0.117647
0.235294
0.000000
0.117647
0.082353
-0.032999
0.000000
-0.058824
0.000000
0.000000
0.003056
0.063939
0.000000
0.000000
0.117647
0.000000
0.000000
0.000000
0.000000
0.058824
0.114046
0.117647
0.114046
0.276901
0.117647
0.096886
0.058824
0.000000
0.176471
0.000000
0.058824
0.114046
0.000000
0.058824
0.000000
0.000000
-0.029815
0.000000
0.000000
-0.058824
0.000000
0.000000
0.058824
0.117647
0.000000
0.000000
0.029412
0.000000
0.000000
0.000000
0.764706
0.235294
0.411765
0.117647
0.000000
0.000000
0.058824
-0.058824
0.352941
0.000000
0.000000
0.235294
0.000000
0.745554
0.000000
0.176471
0.117647
0.000000
0.496324
0.000000
0.528872
0.387255
0.294118
0.058824
0.423001
0.000000
0.000000
0.117647
-0.052122
0.058824
0.058824
0.117647
0.000000
0.058824
0.052632
-0.026738
0.392570
0.005348
0.000000
0.000000
0.117647
0.000000
-0.058824
0.000000
-0.047438
0.411765
0.005348
-0.058824
0.000000
0.082353
0.534759
0.176471
0.000000
0.000000
0.000000
0.000000
-0.058824
0.000000
0.000000
0.176471
-0.050145
0.052632
0.592760
0.058824
0.057389
0.000000
-0.050145
0.058824
0.000000
0.000000
0.000000
0.058824
0.058824
0.176471
0.057389
0.423001
0.031077
0.529412
0.000000
-0.037647
0.031077
0.000000
0.000000
-0.026738
-0.048443
0.000000
0.058824
0.305503
0.114046
0.063939
0.176471
0.176471
0.031077
0.016807
-0.045249
0.117647
0.000000
0.096886
0.042017
-0.029815
-0.037647
-0.012788
0.114046
0.176471
0.000000
0.058824
0.000000
0.057389
0.058824
0.058824
0.057389
0.096886
0.058824
0.423001
-0.050145
0.117647
0.117647
0.031077
0.000000
0.000000
0.305503
0.164706
-0.052288
-0.029815
0.000000
-0.058824
0.117647
0.294118
0.058824
0.000000
0.058824
0.058824
-0.031674
0.176471
0.000000
0.000000
0.000000
0.294118
0.359477
0.000000
0.294118
0.114046
0.352941
0.235294
0.000000
0.162791
0.138718
0.000000
0.000000
0.000000
0.000000
0.058824
-0.058824
0.176471
0.000000
-0.051765
0.000000
0.058824
0.058824
0.411765
0.000000
0.352941
0.117647
0.326203
0.261438
0.045752
0.058824
0.000000
0.058824
-0.037647
0.000000
0.000000
0.117647
0.294118
0.029412
0.058824
0.000000
0.000000
0.000000
0.058824
0.000000
0.000000
0.294118
0.000000
0.058824
-0.048443
0.000000
0.117647
0.058824
0.000000
0.117647
0.000000
0.000000
-0.058824
0.000000
0.058824
-0.026738
0.000000
0.000000
0.000000
0.445378
0.235294
0.423001
-0.032999
0.058824
0.647059
0.000000
0.000000
0.000000
0.058824
0.058824
0.082353
0.058824
0.117647
0.352941
0.058824
0.000000
-0.037647
0.000000
0.176471
0.117647
0.000000
0.058824
0.058824
0.176471
0.000000
0.000000
0.000000
0.117647
0.058824
0.005348
0.198728
0.000000
0.000000
0.000000
0.082353
0.155321
0.138718
0.000000
0.176471
0.000000
0.117647
0.000000
0.029412
0.114046
0.117647
0.117647
-0.058824
0.114046
0.058824
0.093306
0.411765
0.411765
0.000000
0.000000
0.000000
0.000000
0.000000
0.008285
0.000000
0.176471
0.176471
0.000000
0.000000
0.176471
0.176471
-0.050145
-0.029815
0.000000
0.058824
0.000000
0.093306
0.000000
0.000000
0.000000
0.000000
0.058824
0.117647
0.000000
0.000000
0.000000
-0.058824
0.000000
0.058824
0.000000
0.008285
-0.058824
0.058824
0.058824
0.000000
0.226244
0.176471
0.000000
-0.058824
0.058824
0.000000
0.000000
0.117647
0.000000
0.000000
0.058824
0.058824
0.234389
0.058824
0.000000
0.000000
0.326203
0.411765
0.000000
0.000000
0.000000
0.000000
0.117647
0.000000
0.000000
0.000000
0.294118
0.235294
0.000000
0.588235
0.000000
0.117647
0.000000
0.117647
0.000000
0.005348
0.000000
0.000000
0.294118
0.000000
0.000000
-0.051765
0.117647
0.058824
-0.058824
0.294118
0.114046
-0.048443
0.058824
0.096886
-0.001417
0.058824
0.117647
0.588235
0.000000
0.239351
0.117647
0.117647
0.000000
-0.058824
0.000000
0.058824
-0.050145
0.000000
0.000000
-0.012788
0.235294
0.058824
0.000000
0.000000
0.117647
0.000000
0.529412
0.000000
0.058824
0.764706
-0.031674
0.423001
0.475401
0.000000
0.000000
0.000000
0.058824
0.117647
0.647059
0.117647
0.117647
0.117647
-0.048443
0.000000
0.445378
0.058824
0.117647
0.739367
0.326203
0.058824
-0.045249
0.518283
0.226244
0.176471
0.058824
0.000000
0.294118
0.045752
0.000000
0.294118
0.162791
0.294118
0.551261
0.000000
0.294118
0.117647
0.000000
0.000000
0.058824
0.058824
0.117647
0.470588
0.352941
0.588235
0.000000
0.000000
0.000000
0.294118
0.058824
0.411765
0.117647
0.005348
0.000000
0.000000
0.000000
0.235294
0.000000
0.588235
-0.001417
0.000000
-0.052122
0.058824
0.411765
0.000000
0.000000
0.000000
-0.051765
0.000000
0.117647
0.588235
0.000000
0.823529
0.000000
0.000000
0.000000
0.000000
0.058824
0.000000
0.000000
0.117647
0.000000
0.000000
0.529412
0.029412
0.882353
0.411765
0.941176
0.000000
0.411765
0.470588
0.000000
0.000000
0.117647
0.000000
0.000000
0.470588
0.000000
0.000000
0.000000
